Generation number, Milliseconds from start, Fitness
0,0,434872
1,13,434872
2,37,434872
3,58,434872
4,76,434872
5,120,435591
6,141,435591
7,162,435591
8,183,435591
9,207,435591
10,224,435591
11,239,435591
12,257,435591
13,272,435591
14,287,435591
15,304,435591
16,319,435591
17,332,435591
18,347,435591
19,363,435591
20,378,435591
21,393,435591
22,409,435591
23,423,435591
24,438,435591
25,451,435591
26,467,435591
27,487,435591
28,502,435591
29,519,435591
30,536,435591
31,551,438628
32,571,438628
33,593,438628
34,607,438628
35,629,438628
36,645,438628
37,659,438628
38,675,438628
39,689,443183
40,707,443183
41,722,453135
42,738,453135
43,760,453135
44,778,453135
45,794,453135
46,808,453135
47,831,453135
48,845,453135
49,859,453135
50,873,453135
51,887,453135
52,901,453135
53,916,453135
54,931,453135
55,945,453135
56,960,453135
57,974,453135
58,991,453135
59,1004,453135
60,1020,454643
61,1048,454643
62,1069,454643
63,1085,454643
64,1102,454643
65,1120,454643
66,1136,454643
67,1156,454643
68,1171,454643
69,1186,454643
70,1202,454643
71,1218,454643
72,1233,454643
73,1249,454643
74,1264,454643
75,1277,466773
76,1295,466773
77,1310,466773
78,1325,466773
79,1344,466773
80,1358,466773
81,1374,466773
82,1389,466773
83,1406,466773
84,1422,466773
85,1438,466773
86,1454,466773
87,1467,466773
88,1483,466773
89,1498,466773
90,1512,466773
91,1527,466773
92,1540,466773
93,1557,466773
94,1574,466773
95,1589,466773
96,1615,466773
97,1630,466821
98,1646,466821
99,1662,466821
100,1679,466821
101,1694,466821
102,1710,466821
103,1724,466821
104,1739,466821
105,1756,466821
106,1771,466821
107,1785,466821
108,1799,466821
109,1813,466821
110,1828,466821
111,1842,466821
112,1857,466821
113,1872,466821
114,1886,466821
115,1901,466821
116,1917,466821
117,1931,466821
118,1951,466821
119,1965,466821
120,1980,466821
121,1998,466821
122,2012,466821
123,2029,466821
124,2042,466821
125,2058,466821
126,2073,466821
127,2091,466821
128,2116,466821
129,2133,466821
130,2149,466821
131,2164,468106
132,2180,468106
133,2200,468106
134,2221,468106
135,2238,468106
136,2252,468106
137,2274,468106
138,2302,468106
139,2323,468106
140,2347,468106
141,2362,468106
142,2379,468106
143,2393,468106
144,2413,468106
145,2429,468106
146,2444,468106
147,2461,468106
148,2476,468106
149,2489,468106
150,2508,468106
151,2525,468106
152,2540,468106
153,2554,468106
154,2574,468106
155,2595,468106
156,2609,468106
157,2629,468106
158,2650,468106
159,2670,468106
160,2691,468106
161,2705,468106
162,2721,468106
163,2737,468106
164,2752,468106
165,2766,468106
166,2782,468106
167,2799,468106
168,2812,470414
169,2828,470414
170,2848,470414
171,2863,470414
172,2878,470414
173,2894,470414
174,2908,476576
175,2929,476576
176,2946,476576
177,2964,476576
178,2982,476576
179,2999,476576
180,3019,476576
181,3034,476576
182,3048,476576
183,3064,476576
184,3083,476576
185,3099,476576
186,3112,476576
187,3128,476576
188,3143,476576
189,3161,476576
190,3178,476576
191,3195,476576
192,3212,476576
193,3230,476576
194,3246,476576
195,3261,476576
196,3276,476576
197,3293,476576
198,3307,476576
199,3321,476576
200,3336,476576
201,3350,476576
202,3364,476576
203,3379,476576
204,3396,476576
205,3411,476576
206,3427,476576
207,3441,476576
208,3456,476576
209,3469,476576
210,3484,476576
211,3499,476576
212,3513,476576
213,3528,476576
214,3549,476576
215,3562,476576
216,3578,476576
217,3593,476576
218,3606,476576
219,3622,476576
220,3637,476576
221,3652,476576
222,3669,479858
223,3685,479858
224,3702,479858
225,3719,479858
226,3736,479858
227,3758,479858
228,3773,479858
229,3789,479858
230,3804,479858
231,3818,479858
232,3833,479858
233,3847,479858
234,3862,479858
235,3878,479858
236,3892,479858
237,3906,479858
238,3920,479858
239,3935,479858
240,3954,479858
241,3967,483428
242,3992,483428
243,4005,483428
244,4020,483428
245,4036,483428
246,4052,483428
247,4066,483428
248,4082,483428
249,4097,483428
250,4113,483428
251,4129,483428
252,4144,483428
253,4163,483428
254,4178,483428
255,4194,483428
256,4216,483428
257,4234,483428
258,4252,483428
259,4270,483428
260,4288,483428
261,4315,483428
262,4330,483428
263,4346,483428
264,4372,483428
265,4388,483428
266,4407,483428
267,4425,483428
268,4441,483428
269,4462,483428
270,4476,483428
271,4494,483428
272,4510,483428
273,4525,483428
274,4540,483428
275,4555,483428
276,4571,483428
277,4588,483428
278,4603,483428
279,4618,483428
280,4632,483428
281,4649,483428
282,4664,483428
283,4681,483428
284,4696,483428
285,4712,483428
286,4726,483428
287,4742,483428
288,4758,483428
289,4778,483428
290,4798,483428
291,4818,483428
292,4838,483428
293,4854,483428
294,4871,483428
295,4887,483428
296,4905,483428
297,4935,483428
298,4962,483428
299,4981,483428
300,4995,483428
301,5012,483428
302,5028,483428
303,5043,483428
304,5060,483428
305,5076,483428
306,5092,483428
307,5115,483428
308,5133,483428
309,5148,483428
310,5168,483428
311,5187,483428
312,5205,483428
313,5223,483428
314,5239,483428
315,5256,483428
316,5275,483428
317,5292,483428
318,5307,483428
319,5325,483428
320,5345,483428
321,5367,483428
322,5386,483428
323,5402,483428
324,5420,483428
325,5441,483428
326,5465,483428
327,5479,483428
328,5496,483428
329,5518,483428
330,5533,483428
331,5550,483428
332,5565,483428
333,5582,483428
334,5603,483428
335,5620,483428
336,5636,483428
337,5651,483428
338,5666,483428
339,5681,483428
340,5696,483428
341,5710,483428
342,5727,483428
343,5742,483428
344,5760,483428
345,5778,483428
346,5792,483428
347,5808,483428
348,5825,483428
349,5841,483442
350,5870,483442
351,5890,483442
352,5914,483442
353,5933,483442
354,5949,483442
355,5966,483442
356,5981,483442
357,5997,483442
358,6012,483442
359,6027,483442
360,6042,483442
361,6060,483442
362,6074,483442
363,6090,483442
364,6105,483442
365,6120,483442
366,6137,483442
367,6156,483442
368,6173,483442
369,6188,483442
370,6202,483442
371,6217,483442
372,6232,483442
373,6247,483442
374,6262,483442
375,6276,483442
376,6292,483442
377,6306,483442
378,6322,483442
379,6336,483442
380,6355,483442
381,6370,483442
382,6389,483442
383,6406,483442
384,6427,483442
385,6451,483442
386,6471,483442
387,6489,483442
388,6506,483442
389,6521,483442
390,6537,483442
391,6562,484415
392,6578,484415
393,6597,484415
394,6618,484415
395,6636,484415
396,6652,484415
397,6669,484415
398,6685,484415
399,6701,484415
400,6723,484415
401,6738,484415
402,6754,484415
403,6767,484415
404,6784,484415
405,6800,484415
406,6815,484415
407,6835,484415
408,6852,484415
409,6866,484415
410,6882,484415
411,6899,484415
412,6915,484415
413,6939,484415
414,6964,484415
415,6981,484415
416,7002,484415
417,7019,484415
418,7034,484415
419,7049,484415
420,7065,484415
421,7081,484415
422,7095,486218
423,7110,486218
424,7128,486218
425,7144,486218
426,7160,488650
427,7174,488650
428,7193,488650
429,7208,488650
430,7225,488650
431,7247,488650
432,7276,488650
433,7299,488650
434,7322,488650
435,7342,488650
436,7357,488650
437,7372,488650
438,7387,488650
439,7404,488650
440,7423,488650
441,7448,488650
442,7472,488650
443,7493,488650
444,7516,488650
445,7532,488650
446,7547,488650
447,7562,488650
448,7578,488650
449,7593,488650
450,7610,488650
451,7627,488650
452,7643,488650
453,7658,488650
454,7676,488650
455,7691,488650
456,7706,488650
457,7724,488650
458,7738,488650
459,7754,488650
460,7772,488650
461,7786,488650
462,7808,488650
463,7823,488650
464,7840,488650
465,7856,488650
466,7871,488650
467,7890,488650
468,7905,488650
469,7920,488650
470,7945,488650
471,7961,491204
472,7980,491204
473,8001,491204
474,8020,491204
475,8038,491204
476,8056,491204
477,8072,491204
478,8090,491204
479,8106,491204
480,8119,491204
481,8137,491204
482,8152,491204
483,8167,491808
484,8184,491808
485,8200,491808
486,8218,491808
487,8234,491808
488,8250,491808
489,8266,491808
490,8282,491808
491,8295,491808
492,8316,491808
493,8331,491808
494,8347,491808
495,8364,491808
496,8378,491808
497,8395,491808
498,8409,491808
499,8424,491808
500,8440,491808
501,8460,491808
502,8475,491808
503,8490,491808
504,8505,491808
505,8523,491808
506,8538,491808
507,8556,491808
508,8573,491808
509,8590,491808
510,8608,493285
511,8629,493285
512,8645,493285
513,8662,493285
514,8678,493285
515,8693,493285
516,8710,493285
517,8724,493285
518,8744,493285
519,8759,493285
520,8774,493744
521,8793,493744
522,8810,493744
523,8829,493744
524,8843,493744
525,8859,493744
526,8875,493744
527,8891,493744
528,8906,493744
529,8923,493744
530,8938,493744
531,8954,493744
532,8970,493744
533,8987,493744
534,9001,493744
535,9018,493744
536,9033,493744
537,9047,494266
538,9063,494266
539,9086,494266
540,9109,494266
541,9127,494266
542,9143,494266
543,9162,494266
544,9176,497406
545,9192,497406
546,9208,497406
547,9232,497406
548,9255,497406
549,9271,497406
550,9287,497406
551,9303,497406
552,9320,497406
553,9335,497406
554,9352,497406
555,9367,497406
556,9383,497406
557,9399,497406
558,9413,497406
559,9430,497406
560,9445,497406
561,9460,497406
562,9476,497406
563,9491,497406
564,9507,497406
565,9523,497406
566,9537,497406
567,9553,497406
568,9568,497406
569,9582,497406
570,9598,497406
571,9616,497406
572,9638,497406
573,9655,497406
574,9670,497406
575,9687,497406
576,9710,497406
577,9729,497406
578,9744,497406
579,9761,497406
580,9777,497406
581,9797,497406
582,9811,497406
583,9827,497406
584,9849,497406
585,9865,497406
586,9880,497406
587,9896,497406
588,9910,497406
589,9926,497406
590,9941,497406
591,9960,497406
592,9975,497406
593,9989,497406
594,10005,497406
595,10021,497406
596,10038,497406
597,10059,497406
598,10083,497406
599,10109,497406
600,10125,497406
601,10146,497406
602,10161,497406
603,10182,497406
604,10209,497406
605,10226,497406
606,10247,497406
607,10262,497406
608,10280,497406
609,10297,497406
610,10312,497406
611,10328,497406
612,10345,497406
613,10360,497406
614,10377,497406
615,10395,497406
616,10413,497406
617,10430,497406
618,10455,497406
619,10470,497406
620,10492,497406
621,10508,497406
622,10524,497406
623,10539,497406
624,10555,497406
625,10569,497406
626,10585,497406
627,10602,497406
628,10623,497406
629,10645,497406
630,10659,497406
631,10675,497406
632,10700,497406
633,10718,497406
634,10736,497406
635,10755,497406
636,10774,497406
637,10790,497406
638,10805,497406
639,10822,497406
640,10837,497406
641,10862,497406
642,10878,497406
643,10893,497406
644,10909,498537
645,10930,498537
646,10944,498537
647,10961,498537
648,10979,498537
649,10996,498537
650,11013,498537
651,11028,498537
652,11043,498537
653,11057,498537
654,11072,498537
655,11088,498537
656,11103,498537
657,11119,498537
658,11135,498537
659,11156,498537
660,11173,498537
661,11190,498537
662,11208,498537
663,11223,498537
664,11241,498537
665,11257,498537
666,11275,498537
667,11296,498537
668,11313,498537
669,11329,498537
670,11346,498537
671,11361,498537
672,11380,498537
673,11403,498537
674,11419,498537
675,11440,498537
676,11465,498710
677,11489,498710
678,11510,498710
679,11527,501421
680,11550,501421
681,11575,501421
682,11591,501421
683,11608,501421
684,11625,501421
685,11643,501421
686,11657,501421
687,11677,501421
688,11695,501421
689,11710,501421
690,11726,501421
691,11744,501421
692,11758,501421
693,11780,501421
694,11801,501421
695,11817,501421
696,11837,501421
697,11856,501421
698,11870,501421
699,11888,501421
700,11902,501421
701,11919,501421
702,11934,501421
703,11950,501421
704,11968,501421
705,11984,501421
706,12000,501421
707,12017,501421
708,12034,501421
709,12054,503238
710,12070,503238
711,12086,503238
712,12105,503238
713,12123,503238
714,12138,503238
715,12162,503310
716,12184,503310
717,12207,503310
718,12228,503310
719,12245,503310
720,12261,503310
721,12277,503310
722,12293,503310
723,12315,503310
724,12330,503310
725,12348,503310
726,12368,503310
727,12385,503310
728,12402,503310
729,12418,503310
730,12435,503310
731,12452,503310
732,12467,503310
733,12483,503310
734,12497,503310
735,12515,503310
736,12533,503310
737,12550,503310
738,12566,503310
739,12581,503310
740,12598,503310
741,12614,503310
742,12634,503310
743,12650,503310
744,12680,503310
745,12706,503310
746,12750,503310
747,12781,503310
748,12801,503310
749,12821,503310
750,12839,503310
751,12863,503310
752,12881,503310
753,12904,503310
754,12925,503310
755,12945,503310
756,12965,503310
757,12983,503310
758,12999,503310
759,13017,503310
760,13037,503310
761,13052,503310
762,13069,503310
763,13086,503310
764,13101,503310
765,13125,503310
766,13150,503310
767,13166,503310
768,13187,503310
769,13213,503310
770,13230,503310
771,13255,503310
772,13272,503310
773,13289,503310
774,13312,503310
775,13328,503310
776,13349,503310
777,13369,503310
778,13388,503310
779,13411,503310
780,13431,503310
781,13450,503310
782,13471,503310
783,13489,503310
784,13510,504436
785,13528,504436
786,13553,504436
787,13571,504436
788,13588,504436
789,13604,504436
790,13626,504436
791,13642,504436
792,13657,504436
793,13675,504436
794,13698,504436
795,13716,504436
796,13731,504436
797,13747,504436
798,13763,504436
799,13780,504436
800,13795,504436
801,13811,504436
802,13834,504436
803,13849,504436
804,13866,504436
805,13883,504436
806,13896,504436
807,13912,504436
808,13928,504436
809,13947,504436
810,13970,504436
811,13996,504436
812,14012,504436
813,14030,504436
814,14047,504436
815,14063,504436
816,14080,504436
817,14098,504436
818,14117,504436
819,14135,504436
820,14152,504436
821,14168,504436
822,14187,504436
823,14201,504436
824,14218,504436
825,14235,504436
826,14254,504436
827,14272,504436
828,14287,504436
829,14303,504436
830,14317,504436
831,14334,504436
832,14351,504436
833,14367,504436
834,14384,504436
835,14399,504436
836,14416,504436
837,14432,504436
838,14447,504436
839,14464,504436
840,14481,504436
841,14499,504436
842,14521,504436
843,14538,504436
844,14555,504436
845,14579,504436
846,14595,504436
847,14609,504436
848,14626,504436
849,14642,504436
850,14657,504436
851,14674,504436
852,14689,504436
853,14705,504436
854,14721,504436
855,14744,504436
856,14762,504436
857,14788,504436
858,14810,504436
859,14829,504436
860,14852,504436
861,14868,504436
862,14887,504436
863,14902,504436
864,14919,504436
865,14935,504436
866,14950,504436
867,14967,504436
868,14984,504436
869,15003,504436
870,15019,504436
871,15038,504436
872,15063,504436
873,15089,504436
874,15118,504436
875,15140,504436
876,15163,504436
877,15180,504436
878,15198,504436
879,15214,504436
880,15230,504436
881,15245,504436
882,15262,504436
883,15282,504436
884,15297,504436
885,15313,504436
886,15329,504436
887,15345,504436
888,15360,504436
889,15377,504436
890,15392,504436
891,15410,504436
892,15428,504436
893,15443,504436
894,15460,504436
895,15476,504436
896,15490,504436
897,15506,504436
898,15522,504436
899,15538,504436
900,15555,504436
901,15570,504810
902,15587,504810
903,15607,504810
904,15634,504810
905,15651,504810
906,15673,504810
907,15690,504810
908,15710,504810
909,15725,504810
910,15747,504810
911,15766,504810
912,15783,504810
913,15800,504810
914,15816,504810
915,15831,504810
916,15847,504810
917,15868,504810
918,15884,504810
919,15898,504810
920,15915,504810
921,15931,504810
922,15946,504810
923,15965,504810
924,15980,504810
925,15996,504810
926,16012,504810
927,16025,504810
928,16041,504810
929,16058,504810
930,16073,504810
931,16089,504810
932,16106,504810
933,16120,504810
934,16136,504810
935,16152,504810
936,16168,504810
937,16189,504810
938,16205,504810
939,16228,504810
940,16244,504810
941,16263,504810
942,16278,504810
943,16297,504810
944,16313,504810
945,16330,504810
946,16348,504810
947,16362,504810
948,16378,504810
949,16393,504810
950,16411,504810
951,16427,504850
952,16443,504850
953,16462,504850
954,16483,504850
955,16499,504850
956,16521,504850
957,16539,504850
958,16554,504850
959,16571,504850
960,16589,504850
961,16604,504850
962,16624,504850
963,16640,504850
964,16673,504850
965,16688,504850
966,16703,504850
967,16724,504850
968,16751,504850
969,16766,504850
970,16790,504850
971,16805,504850
972,16822,504850
973,16838,504850
974,16854,504850
975,16869,504850
976,16884,504850
977,16899,504850
978,16915,504850
979,16933,504850
980,16949,504850
981,16966,504850
982,16982,504850
983,16998,505950
984,17015,505950
985,17032,505950
986,17055,505950
987,17071,505950
988,17092,505950
989,17112,505950
990,17138,505950
991,17156,505950
992,17182,505950
993,17197,507083
994,17212,507083
995,17234,507083
996,17255,507083
997,17278,507083
998,17297,507083
999,17313,507083
1000,17333,507083
1001,17352,507083
1002,17367,507083
1003,17384,507083
1004,17401,507083
1005,17418,507083
1006,17438,507083
1007,17455,507083
1008,17472,507083
1009,17487,507083
1010,17505,507083
1011,17521,507083
1012,17536,507083
1013,17553,507083
1014,17569,507083
1015,17583,507083
1016,17601,507083
1017,17617,507083
1018,17632,507083
1019,17649,507083
1020,17670,507083
1021,17698,507083
1022,17720,507083
1023,17742,507083
1024,17760,507083
1025,17774,507784
1026,17790,507784
1027,17814,507784
1028,17833,507784
1029,17855,507784
1030,17874,507897
1031,17896,507897
1032,17912,507897
1033,17931,507897
1034,17948,507897
1035,17965,507897
1036,17982,507897
1037,17997,507897
1038,18012,507897
1039,18029,507897
1040,18045,507897
1041,18061,507897
1042,18077,507897
1043,18093,507897
1044,18109,507897
1045,18124,507897
1046,18140,507897
1047,18154,507897
1048,18171,507897
1049,18188,507897
1050,18203,507897
1051,18220,507897
1052,18234,507897
1053,18254,507897
1054,18271,507897
1055,18286,507897
1056,18300,507897
1057,18316,507897
1058,18333,507897
1059,18349,507897
1060,18369,507897
1061,18385,507897
1062,18407,507897
1063,18435,507897
1064,18461,507897
1065,18479,507897
1066,18496,507897
1067,18519,507897
1068,18535,507897
1069,18551,507897
1070,18566,507897
1071,18584,507897
1072,18601,507897
1073,18617,507897
1074,18635,507897
1075,18651,507897
1076,18666,507897
1077,18682,507897
1078,18702,507897
1079,18719,507897
1080,18734,507897
1081,18751,507897
1082,18766,507897
1083,18786,507897
1084,18801,507897
1085,18819,507897
1086,18834,507897
1087,18850,507897
1088,18867,507897
1089,18890,507897
1090,18910,507897
1091,18931,507897
1092,18951,507897
1093,18971,508529
1094,18994,508529
1095,19012,508529
1096,19028,508529
1097,19045,508529
1098,19062,508529
1099,19080,508529
1100,19096,508529
1101,19119,508529
1102,19133,508529
1103,19151,508529
1104,19165,508529
1105,19183,508529
1106,19202,508529
1107,19219,508529
1108,19240,508529
1109,19254,508529
1110,19270,508529
1111,19287,508529
1112,19303,508529
1113,19318,508529
1114,19355,508529
1115,19368,508529
1116,19384,508529
1117,19402,508529
1118,19416,508529
1119,19432,508529
1120,19448,508529
1121,19463,508529
1122,19479,508529
1123,19501,508529
1124,19517,508529
1125,19534,508529
1126,19549,508529
1127,19567,508529
1128,19582,508529
1129,19599,508529
1130,19617,508529
1131,19632,508529
1132,19651,508529
1133,19672,508529
1134,19686,508529
1135,19702,508529
1136,19716,508529
1137,19733,508529
1138,19748,508529
1139,19764,508816
1140,19783,508816
1141,19801,508816
1142,19817,508816
1143,19833,508816
1144,19849,508816
1145,19874,508816
1146,19889,508816
1147,19905,508816
1148,19926,508816
1149,19953,508816
1150,19978,508816
1151,19996,508816
1152,20012,508816
1153,20035,508816
1154,20057,508816
1155,20073,508816
1156,20090,508816
1157,20113,508893
1158,20131,508893
1159,20147,508893
1160,20167,508893
1161,20183,508893
1162,20201,508893
1163,20216,508893
1164,20237,508893
1165,20252,508893
1166,20267,508893
1167,20283,508893
1168,20299,508893
1169,20315,508893
1170,20330,508893
1171,20344,508893
1172,20360,508893
1173,20378,508893
1174,20392,508893
1175,20408,508893
1176,20424,508893
1177,20440,508893
1178,20454,508893
1179,20471,508893
1180,20486,508893
1181,20501,508893
1182,20520,508893
1183,20536,508893
1184,20551,508893
1185,20569,508893
1186,20584,508893
1187,20602,508893
1188,20618,508893
1189,20636,508893
1190,20652,508893
1191,20672,508893
1192,20687,508893
1193,20702,508893
1194,20719,508893
1195,20733,508893
1196,20749,508893
1197,20765,508893
1198,20781,508893
1199,20796,508893
1200,20813,508893
1201,20829,508893
1202,20845,508893
1203,20861,508893
1204,20877,508893
1205,20892,508893
1206,20905,508893
1207,20921,508893
1208,20937,508893
1209,20953,508893
1210,20968,508893
1211,20984,508893
1212,20998,508893
1213,21015,508893
1214,21032,508893
1215,21046,508893
1216,21062,508893
1217,21082,508893
1218,21098,508893
1219,21121,508893
1220,21137,508893
1221,21152,508893
1222,21170,508893
1223,21189,508893
1224,21209,508893
1225,21225,508893
1226,21242,508893
1227,21257,508893
1228,21273,508893
1229,21292,508893
1230,21309,508893
1231,21325,508893
1232,21345,508893
1233,21360,508893
1234,21374,508893
1235,21391,508893
1236,21407,508893
1237,21423,508893
1238,21438,508951
1239,21455,508951
1240,21470,508951
1241,21487,508951
1242,21514,508951
1243,21531,508951
1244,21549,508951
1245,21564,508951
1246,21580,508951
1247,21597,508951
1248,21613,508951
1249,21633,508951
1250,21656,508951
1251,21673,508951
1252,21690,508951
1253,21707,508951
1254,21725,508951
1255,21741,508951
1256,21762,508951
1257,21778,508951
1258,21792,508951
1259,21808,508951
1260,21823,508951
1261,21839,508951
1262,21855,508951
1263,21870,508951
1264,21885,508951
1265,21903,508951
1266,21919,508951
1267,21937,508951
1268,21960,508951
1269,21977,508951
1270,21994,508951
1271,22009,508951
1272,22025,508951
1273,22040,508951
1274,22058,508951
1275,22075,508951
1276,22096,508951
1277,22111,508951
1278,22126,508951
1279,22142,508951
1280,22159,508951
1281,22174,508951
1282,22191,508951
1283,22209,508951
1284,22229,508951
1285,22257,508951
1286,22286,508951
1287,22303,508951
1288,22322,508951
1289,22340,508951
1290,22355,508951
1291,22371,508951
1292,22385,508951
1293,22402,508951
1294,22419,508951
1295,22435,508951
1296,22450,508951
1297,22466,508951
1298,22483,508951
1299,22498,508951
1300,22515,508951
1301,22531,508951
1302,22547,508951
1303,22563,508951
1304,22578,508951
1305,22594,508951
1306,22617,508951
1307,22633,508951
1308,22651,508951
1309,22664,508951
1310,22681,508951
1311,22701,508951
1312,22715,508951
1313,22731,508951
1314,22746,508951
1315,22762,508951
1316,22778,508951
1317,22796,508951
1318,22814,508951
1319,22836,508951
1320,22852,508951
1321,22872,508999
1322,22889,508999
1323,22910,508999
1324,22927,508999
1325,22941,508999
1326,22958,508999
1327,22981,508999
1328,22996,508999
1329,23012,508999
1330,23027,508999
1331,23042,508999
1332,23057,508999
1333,23079,508999
1334,23094,508999
1335,23109,508999
1336,23126,508999
1337,23141,508999
1338,23157,508999
1339,23172,508999
1340,23188,508999
1341,23208,508999
1342,23224,508999
1343,23241,508999
1344,23259,508999
1345,23276,508999
1346,23300,508999
1347,23316,508999
1348,23332,508999
1349,23348,509117
1350,23369,509117
1351,23386,509117
1352,23406,509227
1353,23423,509227
1354,23451,509227
1355,23468,509227
1356,23488,509227
1357,23503,509227
1358,23518,509227
1359,23534,509227
1360,23552,509227
1361,23568,509227
1362,23589,509227
1363,23605,509227
1364,23622,509227
1365,23637,509227
1366,23654,509227
1367,23668,509227
1368,23684,509227
1369,23700,509227
1370,23715,509227
1371,23730,509227
1372,23746,509227
1373,23763,509227
1374,23779,509227
1375,23792,509227
1376,23809,509227
1377,23825,509227
1378,23845,509227
1379,23861,509227
1380,23877,509227
1381,23892,509227
1382,23907,509227
1383,23922,509227
1384,23940,509227
1385,23965,509227
1386,23981,509227
1387,24000,509227
1388,24022,509227
1389,24038,509227
1390,24061,509227
1391,24076,509227
1392,24092,509227
1393,24109,509227
1394,24124,509227
1395,24141,509227
1396,24156,509227
1397,24174,509227
1398,24189,509227
1399,24208,509227
1400,24229,509227
1401,24245,509227
1402,24262,509227
1403,24280,509227
1404,24296,509227
1405,24315,509227
1406,24330,509227
1407,24346,509227
1408,24363,509227
1409,24386,509227
1410,24403,509227
1411,24420,509227
1412,24438,509227
1413,24452,509227
1414,24469,509227
1415,24485,509227
1416,24500,509227
1417,24524,509227
1418,24546,509227
1419,24564,509227
1420,24582,509227
1421,24600,509227
1422,24622,509227
1423,24638,509227
1424,24659,509227
1425,24674,509227
1426,24697,509227
1427,24713,509227
1428,24730,509227
1429,24747,509227
1430,24763,509227
1431,24778,509227
1432,24796,509227
1433,24813,509227
1434,24840,509227
1435,24856,509227
1436,24872,509227
1437,24887,509227
1438,24903,509227
1439,24918,509227
1440,24934,509227
1441,24950,509227
1442,24967,509227
1443,24987,509227
1444,25003,509227
1445,25019,509227
1446,25035,509227
1447,25052,509227
1448,25072,509227
1449,25087,509227
1450,25103,509227
1451,25121,509227
1452,25141,509227
1453,25157,509384
1454,25181,509384
1455,25205,509384
1456,25222,509384
1457,25238,509384
1458,25255,509384
1459,25274,509384
1460,25290,509384
1461,25311,509384
1462,25326,509384
1463,25348,509384
1464,25370,509384
1465,25396,509384
1466,25412,509384
1467,25429,509384
1468,25446,509384
1469,25461,509384
1470,25478,509384
1471,25492,509384
1472,25509,509384
1473,25524,509384
1474,25547,509384
1475,25561,509384
1476,25576,509384
1477,25593,509384
1478,25609,509384
1479,25629,509384
1480,25644,509384
1481,25660,509384
1482,25679,509384
1483,25696,509384
1484,25715,509384
1485,25731,509384
1486,25747,509384
1487,25765,509384
1488,25781,509384
1489,25799,509384
1490,25814,509384
1491,25830,509384
1492,25848,509384
1493,25863,509384
1494,25880,509384
1495,25894,509384
1496,25911,509384
1497,25927,509384
1498,25947,509384
1499,25962,509384
1500,25978,509384
1501,25993,509384
1502,26009,509384
1503,26025,509384
1504,26041,509384
1505,26057,509384
1506,26073,509384
1507,26089,509384
1508,26105,509384
1509,26121,509384
1510,26138,509384
1511,26152,509384
1512,26177,509384
1513,26194,509384
1514,26218,509384
1515,26237,509384
1516,26257,509384
1517,26273,509384
1518,26291,509384
1519,26308,509384
1520,26322,509384
1521,26337,509384
1522,26353,509384
1523,26369,509384
1524,26386,509384
1525,26403,509384
1526,26418,509384
1527,26446,509384
1528,26461,509384
1529,26479,509384
1530,26494,509384
1531,26508,509384
1532,26525,509384
1533,26542,509384
1534,26559,509384
1535,26574,509384
1536,26590,509384
1537,26605,509384
1538,26621,509384
1539,26638,509384
1540,26653,509384
1541,26670,509384
1542,26686,509384
1543,26708,509384
1544,26726,509384
1545,26743,509384
1546,26758,509384
1547,26777,509384
1548,26794,509384
1549,26816,509384
1550,26831,509384
1551,26848,509384
1552,26865,509384
1553,26880,509384
1554,26897,509384
1555,26913,509384
1556,26931,509384
1557,26956,509384
1558,26978,509384
1559,26999,509384
1560,27017,509384
1561,27042,509384
1562,27061,509384
1563,27082,509384
1564,27098,509384
1565,27115,509384
1566,27137,509384
1567,27151,509384
1568,27168,509384
1569,27185,509384
1570,27201,509384
1571,27217,509384
1572,27231,509384
1573,27245,509384
1574,27261,509384
1575,27279,509384
1576,27296,509384
1577,27318,509384
1578,27335,509384
1579,27352,509384
1580,27369,509384
1581,27387,509384
1582,27410,509384
1583,27427,509384
1584,27444,509384
1585,27471,509384
1586,27486,509384
1587,27502,509384
1588,27518,509384
1589,27533,509384
1590,27549,509384
1591,27564,509384
1592,27580,509384
1593,27595,509384
1594,27610,509384
1595,27625,509384
1596,27643,509384
1597,27656,509384
1598,27672,509384
1599,27688,509384
1600,27704,509384
1601,27719,509384
1602,27735,509384
1603,27751,509384
1604,27767,509384
1605,27782,509384
1606,27799,509384
1607,27815,509384
1608,27829,509384
1609,27845,509384
1610,27860,509384
1611,27882,509384
1612,27901,509384
1613,27917,509384
1614,27938,509384
1615,27957,509384
1616,27975,509384
1617,27991,509384
1618,28006,509384
1619,28021,509384
1620,28037,509384
1621,28052,509393
1622,28073,509393
1623,28087,509393
1624,28105,509393
1625,28128,509393
1626,28145,509393
1627,28160,509393
1628,28178,509393
1629,28194,509393
1630,28214,509393
1631,28230,509393
1632,28245,509393
1633,28264,509393
1634,28278,509393
1635,28294,509393
1636,28310,509393
1637,28326,509393
1638,28341,509393
1639,28362,509393
1640,28382,509393
1641,28397,509393
1642,28413,509393
1643,28434,509393
1644,28453,509393
1645,28478,509393
1646,28494,509393
1647,28517,509393
1648,28533,509393
1649,28552,509393
1650,28572,509393
1651,28586,509393
1652,28606,509393
1653,28621,509393
1654,28638,509393
1655,28653,509393
1656,28669,509393
1657,28695,509393
1658,28711,509393
1659,28729,509393
1660,28753,509393
1661,28779,509393
1662,28801,509393
1663,28818,509393
1664,28837,509393
1665,28853,509393
1666,28879,509393
1667,28894,509393
1668,28916,509393
1669,28936,509393
1670,28952,509393
1671,28969,509393
1672,28986,509393
1673,29003,509393
1674,29030,509393
1675,29047,509393
1676,29064,509393
1677,29084,509393
1678,29102,509393
1679,29120,509393
1680,29137,509393
1681,29155,509393
1682,29172,509393
1683,29189,509393
1684,29206,509393
1685,29224,509393
1686,29241,509393
1687,29257,509393
1688,29274,509393
1689,29293,509393
1690,29309,509393
1691,29325,509393
1692,29342,509393
1693,29359,509393
1694,29374,509393
1695,29400,509393
1696,29415,509393
1697,29434,509393
1698,29451,509393
1699,29467,509393
1700,29484,509393
1701,29499,509393
1702,29515,509393
1703,29532,509393
1704,29549,509393
1705,29563,509393
1706,29582,509393
1707,29604,509393
1708,29619,509393
1709,29642,509393
1710,29661,509393
1711,29679,509393
1712,29695,509393
1713,29716,509393
1714,29733,509393
1715,29752,509393
1716,29768,509393
1717,29784,509393
1718,29802,509393
1719,29817,509393
1720,29835,509393
1721,29853,509393
1722,29873,509393
1723,29888,509393
1724,29903,509393
1725,29920,509393
1726,29935,509393
1727,29951,509393
1728,29968,509393
1729,29988,509393
1730,30006,509393
1731,30022,509393
1732,30036,509393
1733,30053,509393
1734,30070,509393
1735,30086,509393
1736,30103,509393
1737,30119,509393
1738,30135,509393
1739,30158,509393
1740,30179,509393
1741,30195,509393
1742,30216,509393
1743,30234,509393
1744,30252,509393
1745,30269,509393
1746,30288,509393
1747,30304,509393
1748,30325,509393
1749,30344,509393
1750,30359,509393
1751,30377,509393
1752,30390,509393
1753,30411,509393
1754,30427,509393
1755,30445,509393
1756,30462,509393
1757,30478,509393
1758,30502,509393
1759,30518,509393
1760,30535,509393
1761,30555,509393
1762,30573,509393
1763,30588,509393
1764,30604,509393
1765,30620,509393
1766,30638,509393
1767,30654,509393
1768,30671,509393
1769,30687,509393
1770,30703,509393
1771,30718,509393
1772,30737,509393
1773,30762,509393
1774,30781,509393
1775,30804,509393
1776,30822,509393
1777,30844,509393
1778,30863,509393
1779,30879,509393
1780,30895,509393
1781,30911,509393
1782,30927,509393
1783,30944,509393
1784,30960,509393
1785,30975,509393
1786,30991,509393
1787,31007,509393
1788,31024,509393
1789,31039,509393
1790,31055,509393
1791,31070,509393
1792,31086,509393
1793,31103,509393
1794,31121,509393
1795,31137,509393
1796,31153,509393
1797,31170,509393
1798,31187,509393
1799,31211,509393
1800,31226,509393
1801,31240,509393
1802,31255,509393
1803,31272,509393
1804,31293,509393
1805,31317,509393
1806,31334,509393
1807,31350,509393
1808,31367,509393
1809,31388,509393
1810,31405,509393
1811,31427,509393
1812,31443,509393
1813,31458,509393
1814,31481,509393
1815,31497,509393
1816,31511,509393
1817,31528,509393
1818,31544,509393
1819,31561,509393
1820,31577,509393
1821,31594,509393
1822,31609,509393
1823,31625,509393
1824,31641,509393
1825,31657,509393
1826,31675,509393
1827,31692,509393
1828,31708,509393
1829,31724,509393
1830,31741,509393
1831,31757,509393
1832,31773,509393
1833,31794,509393
1834,31808,509393
1835,31826,509393
1836,31842,509393
1837,31858,509393
1838,31875,509393
1839,31895,509393
1840,31911,509393
1841,31929,509393
1842,31947,509393
1843,31962,509393
1844,31979,509393
1845,31994,509393
1846,32012,509393
1847,32027,509393
1848,32043,509393
1849,32062,509393
1850,32078,509393
1851,32093,509393
1852,32109,509393
1853,32125,509393
1854,32142,509393
1855,32157,509393
1856,32172,509393
1857,32189,509393
1858,32206,509393
1859,32221,509393
1860,32237,509393
1861,32258,509393
1862,32272,509393
1863,32288,509393
1864,32306,509393
1865,32321,509393
1866,32338,509393
1867,32355,509393
1868,32370,509393
1869,32386,509393
1870,32406,509393
1871,32434,509393
1872,32464,509393
1873,32493,509393
1874,32507,509393
1875,32527,509393
1876,32546,509393
1877,32563,509393
1878,32582,509393
1879,32599,509393
1880,32615,509393
1881,32630,509393
1882,32646,509393
1883,32661,509393
1884,32677,509393
1885,32694,509393
1886,32715,509393
1887,32731,509393
1888,32747,509393
1889,32764,509393
1890,32779,509393
1891,32796,509393
1892,32811,509393
1893,32828,509393
1894,32845,509393
1895,32859,509393
1896,32877,509393
1897,32892,509393
1898,32909,509393
1899,32927,509393
1900,32943,509393
1901,32960,509393
1902,32975,509393
1903,32990,509393
1904,33009,509393
1905,33029,509393
1906,33045,509393
1907,33064,509393
1908,33090,509393
1909,33107,509393
1910,33125,509393
1911,33143,509393
1912,33161,509393
1913,33179,509393
1914,33195,509393
1915,33216,509393
1916,33240,509393
1917,33257,509393
1918,33272,509393
1919,33290,509393
1920,33306,509393
1921,33322,509393
1922,33338,509393
1923,33354,509393
1924,33371,509393
1925,33386,509393
1926,33403,509393
1927,33419,509393
1928,33433,509393
1929,33452,509393
1930,33466,509393
1931,33482,509393
1932,33498,509393
1933,33516,509393
1934,33530,509393
1935,33545,509393
1936,33561,509393
1937,33578,509393
1938,33600,509393
1939,33615,509393
1940,33642,509393
1941,33663,509393
1942,33680,509393
1943,33696,509393
1944,33718,509393
1945,33734,509393
1946,33750,509393
1947,33766,509393
1948,33781,509393
1949,33799,509393
1950,33813,509393
1951,33830,509393
1952,33847,509393
1953,33862,509393
1954,33878,509393
1955,33893,509393
1956,33909,509393
1957,33925,509393
1958,33942,509393
1959,33960,509393
1960,33976,509393
1961,33993,509393
1962,34009,509393
1963,34025,509393
1964,34041,509393
1965,34055,509393
1966,34071,509393
1967,34087,509393
1968,34103,509393
1969,34124,509393
1970,34139,509393
1971,34159,509393
1972,34179,509393
1973,34197,509393
1974,34215,509393
1975,34237,509393
1976,34252,509393
1977,34269,509393
1978,34284,509393
1979,34300,509393
1980,34318,509393
1981,34335,509393
1982,34350,509393
1983,34369,509393
1984,34385,509393
1985,34403,509393
1986,34418,509393
1987,34441,509393
1988,34457,509393
1989,34472,509393
1990,34489,509393
1991,34509,509393
1992,34527,509393
1993,34543,509393
1994,34559,509393
1995,34577,509393
1996,34592,509393
1997,34610,509393
1998,34631,509393
1999,34645,509393
2000,34662,509393
2001,34677,509393
2002,34692,509393
2003,34710,509393
2004,34727,509393
2005,34745,509393
2006,34761,509393
2007,34779,509393
2008,34798,509393
2009,34818,509393
2010,34836,509393
2011,34851,509393
2012,34871,509393
2013,34887,509393
2014,34907,509393
2015,34924,509393
2016,34940,509393
2017,34958,509393
2018,34973,509393
2019,34990,509393
2020,35007,509393
2021,35022,509393
2022,35037,509393
2023,35054,509393
2024,35071,509393
2025,35087,509393
2026,35108,509393
2027,35124,509393
2028,35139,509393
2029,35153,509393
2030,35169,509393
2031,35185,509393
2032,35201,509393
2033,35217,509393
2034,35233,509393
2035,35248,509393
2036,35264,509393
2037,35278,509393
2038,35295,509393
2039,35312,509393
2040,35329,509393
2041,35346,509393
2042,35365,509393
2043,35380,509393
2044,35398,509393
2045,35413,509393
2046,35430,509393
2047,35450,509393
2048,35466,509393
2049,35482,509393
2050,35498,509393
2051,35514,509393
2052,35528,509393
2053,35542,509393
2054,35560,509393
2055,35580,509393
2056,35594,509393
2057,35609,509393
2058,35625,509393
2059,35640,509393
2060,35656,509393
2061,35671,509393
2062,35693,509393
2063,35710,509393
2064,35725,509393
2065,35741,509393
2066,35759,509393
2067,35775,509393
2068,35791,509393
2069,35806,509393
2070,35822,509393
2071,35839,509393
2072,35855,509393
2073,35871,509393
2074,35889,509393
2075,35906,509393
2076,35922,509393
2077,35942,509393
2078,35966,509393
2079,35983,509393
2080,35999,509393
2081,36022,509393
2082,36038,509393
2083,36053,509393
2084,36070,509393
2085,36089,509393
2086,36104,509393
2087,36120,509393
2088,36135,509393
2089,36151,509393
2090,36167,509393
2091,36184,509393
2092,36207,509393
2093,36223,509393
2094,36239,509393
2095,36253,509393
2096,36275,509393
2097,36290,509393
2098,36307,509393
2099,36322,509393
2100,36342,509393
2101,36358,509393
2102,36373,509393
2103,36389,509393
2104,36410,509393
2105,36427,509393
2106,36446,509393
2107,36464,509393
2108,36480,509393
2109,36506,509393
2110,36529,509393
2111,36547,509393
2112,36563,509393
2113,36582,509393
2114,36598,509393
2115,36613,509393
2116,36628,509393
2117,36643,509393
2118,36658,509393
2119,36673,509393
2120,36689,509393
2121,36705,509393
2122,36721,509393
2123,36738,509393
2124,36752,509393
2125,36768,509393
2126,36782,509393
2127,36798,509393
2128,36814,509393
2129,36837,509393
2130,36851,509393
2131,36868,509393
2132,36884,509393
2133,36899,509393
2134,36917,509393
2135,36934,509393
2136,36949,509393
2137,36966,509393
2138,36980,509393
2139,37000,509393
2140,37016,509393
2141,37033,509393
2142,37051,509393
2143,37067,509393
2144,37087,509393
2145,37102,509393
2146,37125,509393
2147,37151,509393
2148,37180,509393
2149,37199,509393
2150,37223,509393
2151,37239,509393
2152,37255,509393
2153,37271,509393
2154,37285,509393
2155,37302,509393
2156,37317,509393
2157,37332,509393
2158,37349,509393
2159,37364,509393
2160,37380,509393
2161,37398,509393
2162,37412,509393
2163,37428,509393
2164,37449,509393
2165,37465,509393
2166,37484,509393
2167,37500,509393
2168,37516,509393
2169,37533,509393
2170,37548,509393
2171,37563,509393
2172,37581,509393
2173,37596,509393
2174,37613,509393
2175,37630,509393
2176,37648,509393
2177,37666,509393
2178,37683,509393
2179,37708,509393
2180,37722,509393
2181,37740,509393
2182,37756,509393
2183,37771,509393
2184,37787,509393
2185,37802,509393
2186,37820,509393
2187,37835,509393
2188,37850,509393
2189,37866,509393
2190,37881,509393
2191,37897,509393
2192,37917,509393
2193,37931,509393
2194,37947,509393
2195,37968,509393
2196,37984,509393
2197,37999,509393
2198,38015,509393
2199,38031,509393
2200,38045,509393
2201,38062,509393
2202,38077,509393
2203,38093,509393
2204,38109,509393
2205,38124,509393
2206,38141,509393
2207,38158,509393
2208,38173,509393
2209,38190,509393
2210,38214,509393
2211,38233,509393
2212,38251,509393
2213,38267,509393
2214,38289,509393
2215,38306,509393
2216,38322,509393
2217,38338,509393
2218,38358,509393
2219,38373,509393
2220,38396,509393
2221,38411,509393
2222,38427,509393
2223,38443,509393
2224,38459,509393
2225,38473,509393
2226,38490,509393
2227,38504,509393
2228,38520,509393
2229,38536,509393
2230,38551,509393
2231,38567,509393
2232,38583,509393
2233,38601,509393
2234,38616,509393
2235,38630,509393
2236,38647,509393
2237,38664,509393
2238,38679,509393
2239,38694,509393
2240,38711,509393
2241,38727,509393
2242,38743,509393
2243,38760,509393
2244,38778,509393
2245,38793,509393
2246,38816,509393
2247,38832,509393
2248,38850,509393
2249,38867,509393
2250,38882,509393
2251,38906,509393
2252,38921,509393
2253,38946,509393
2254,38962,509393
2255,38979,509393
2256,38996,509393
2257,39013,509393
2258,39029,509393
2259,39044,509393
2260,39061,509393
2261,39082,509393
2262,39099,509393
2263,39116,509393
2264,39131,509393
2265,39147,509393
2266,39162,509393
2267,39182,509393
2268,39207,509393
2269,39231,509393
2270,39249,509393
2271,39264,509393
2272,39280,509393
2273,39302,509393
2274,39317,509393
2275,39332,509393
2276,39350,509393
2277,39368,509393
2278,39389,509393
2279,39416,509393
2280,39441,509393
2281,39463,509393
2282,39479,509393
2283,39496,509393
2284,39513,509393
2285,39533,509393
2286,39548,509393
2287,39564,509393
2288,39579,509393
2289,39596,509393
2290,39612,509393
2291,39627,509393
2292,39643,509393
2293,39658,509393
2294,39674,509393
2295,39690,509393
2296,39708,509393
2297,39724,509393
2298,39738,509393
2299,39753,509393
2300,39768,509393
2301,39785,509393
2302,39801,509393
2303,39816,509393
2304,39839,509393
2305,39853,509393
2306,39869,509393
2307,39884,509393
2308,39900,509393
2309,39917,509393
2310,39933,509393
2311,39950,509393
2312,39972,509393
2313,39987,509393
2314,40004,509393
2315,40022,509393
2316,40040,509393
2317,40058,509393
2318,40082,509393
2319,40096,509393
2320,40113,509393
2321,40128,509393
2322,40146,509393
2323,40162,509393
2324,40180,509393
2325,40202,509393
2326,40218,509393
2327,40238,509393
2328,40255,509393
2329,40271,509393
2330,40288,509393
2331,40304,509393
2332,40328,509393
2333,40351,509393
2334,40371,509393
2335,40388,509393
2336,40403,509393
2337,40422,509393
2338,40439,509393
2339,40453,509393
2340,40469,509393
2341,40486,509393
2342,40501,509393
2343,40516,509393
2344,40535,509393
2345,40557,509393
2346,40573,509393
2347,40590,509393
2348,40607,509393
2349,40625,509393
2350,40643,509393
2351,40660,509393
2352,40676,509393
2353,40692,509393
2354,40709,509393
2355,40725,509393
2356,40741,509393
2357,40755,509393
2358,40771,509393
2359,40791,509393
2360,40807,509393
2361,40823,509393
2362,40839,509393
2363,40857,509393
2364,40871,509393
2365,40887,509393
2366,40911,509393
2367,40925,509393
2368,40940,509393
2369,40956,509393
2370,40973,509393
2371,40987,509393
2372,41004,509393
2373,41020,509393
2374,41036,509393
2375,41052,509393
2376,41068,509393
2377,41085,509393
2378,41100,509393
2379,41115,509393
2380,41134,509393
2381,41155,509393
2382,41176,509393
2383,41196,509393
2384,41217,509393
2385,41233,509393
2386,41254,509393
2387,41271,509393
2388,41286,509393
2389,41303,509393
2390,41325,509393
2391,41339,509393
2392,41354,509393
2393,41377,509393
2394,41392,509393
2395,41411,509393
2396,41433,509393
2397,41450,509393
2398,41466,509393
2399,41485,509393
2400,41502,509393
2401,41522,509393
2402,41538,509393
2403,41554,509393
2404,41570,509393
2405,41588,509393
2406,41607,509393
2407,41633,509393
2408,41652,509393
2409,41668,509393
2410,41684,509393
2411,41700,509393
2412,41720,509393
2413,41739,509393
2414,41755,509393
2415,41779,509393
2416,41795,509393
2417,41815,509393
2418,41831,509393
2419,41851,509393
2420,41868,509393
2421,41884,509393
2422,41899,509393
2423,41916,509393
2424,41932,509393
2425,41947,509393
2426,41963,509393
2427,41978,509393
2428,41994,509393
2429,42009,509393
2430,42026,509393
2431,42041,509393
2432,42058,509393
2433,42075,509393
2434,42090,509393
2435,42105,509393
2436,42120,509393
2437,42136,509393
2438,42153,509393
2439,42167,509393
2440,42187,509393
2441,42203,509393
2442,42219,509393
2443,42240,509393
2444,42256,509393
2445,42272,509393
2446,42288,509393
2447,42310,509393
2448,42326,509393
2449,42341,509393
2450,42357,509393
2451,42375,509393
2452,42393,509393
2453,42410,509393
2454,42427,509393
2455,42442,509393
2456,42458,509393
2457,42474,509393
2458,42494,509393
2459,42510,509393
2460,42527,509393
2461,42542,509393
2462,42558,509393
2463,42574,509393
2464,42590,509393
2465,42605,509393
2466,42621,509393
2467,42636,509393
2468,42660,509393
2469,42677,509393
2470,42697,509393
2471,42713,509393
2472,42729,509393
2473,42744,509393
2474,42759,509393
2475,42780,509393
2476,42801,509393
2477,42817,509393
2478,42830,509393
2479,42847,509393
2480,42863,509393
2481,42878,509393
2482,42897,509393
2483,42912,509393
2484,42928,509393
2485,42944,509393
2486,42962,509393
2487,42979,509393
2488,42994,509393
2489,43012,509393
2490,43027,509393
2491,43045,509393
2492,43060,509393
2493,43075,509393
2494,43090,509393
2495,43106,509393
2496,43127,509393
2497,43142,509393
2498,43160,509393
2499,43177,509393
2500,43192,509393
2501,43209,509393
2502,43229,509393
2503,43245,509393
2504,43264,509393
2505,43281,509393
2506,43295,509393
2507,43311,509393
2508,43326,509393
2509,43340,509393
2510,43355,509393
2511,43371,509393
2512,43385,509393
2513,43403,509393
2514,43419,509393
2515,43434,509393
2516,43450,509393
2517,43467,509393
2518,43486,509393
2519,43502,509393
2520,43521,509393
2521,43544,509393
2522,43563,509393
2523,43587,509393
2524,43605,509393
2525,43621,509393
2526,43636,509393
2527,43660,509393
2528,43676,509393
2529,43691,509393
2530,43709,509393
2531,43731,509393
2532,43745,509393
2533,43761,509393
2534,43778,509393
2535,43794,509393
2536,43810,509393
2537,43826,509393
2538,43841,509393
2539,43857,509393
2540,43874,509393
2541,43896,509393
2542,43920,509393
2543,43943,509393
2544,43962,509393
2545,43979,509393
2546,43996,509393
2547,44012,509393
2548,44027,509393
2549,44043,509393
2550,44063,509393
2551,44078,509393
2552,44095,509393
2553,44112,509393
2554,44128,509393
2555,44146,509393
2556,44170,509393
2557,44187,509393
2558,44203,509393
2559,44219,509393
2560,44236,509393
2561,44252,509393
2562,44268,509393
2563,44285,509393
2564,44301,509393
2565,44316,509393
2566,44332,509393
2567,44348,509393
2568,44364,509393
2569,44381,509393
2570,44397,509393
2571,44419,509393
2572,44434,509393
2573,44450,509393
2574,44466,509393
2575,44483,509393
2576,44499,509393
2577,44515,509393
2578,44530,509393
2579,44546,509393
2580,44564,509393
2581,44579,509393
2582,44596,509393
2583,44610,509393
2584,44626,509393
2585,44646,509393
2586,44668,509393
2587,44686,509393
2588,44704,509393
2589,44719,509393
2590,44737,509393
2591,44755,509393
2592,44776,509393
2593,44791,509393
2594,44807,509393
2595,44823,509393
2596,44839,509393
2597,44861,509393
2598,44875,509393
2599,44893,509393
2600,44908,509393
2601,44923,509393
2602,44939,509393
2603,44954,509393
2604,44972,509393
2605,44986,509393
2606,45002,509393
2607,45018,509393
2608,45034,509393
2609,45054,509393
2610,45070,509393
2611,45086,509393
2612,45101,509393
2613,45118,509393
2614,45134,509393
2615,45150,509393
2616,45164,509393
2617,45180,509393
2618,45203,509393
2619,45219,509393
2620,45241,509393
2621,45259,509393
2622,45277,509393
2623,45293,509393
2624,45311,509393
2625,45329,509393
2626,45346,509393
2627,45370,509393
2628,45386,509393
2629,45401,509393
2630,45416,509393
2631,45433,509393
2632,45447,509393
2633,45464,509393
2634,45480,509393
2635,45495,509393
2636,45512,509393
2637,45527,509393
2638,45543,509393
2639,45565,509393
2640,45579,509393
2641,45594,509393
2642,45609,509393
2643,45625,509393
2644,45642,509393
2645,45658,509393
2646,45672,509393
2647,45697,509393
2648,45713,509393
2649,45727,509393
2650,45743,509393
2651,45760,509393
2652,45775,509393
2653,45790,509393
2654,45806,509393
2655,45829,509393
2656,45845,509393
2657,45864,509393
2658,45884,509393
2659,45901,509393
2660,45923,509393
2661,45939,509393
2662,45963,509393
2663,45980,509393
2664,45996,509393
2665,46020,509393
2666,46036,509393
2667,46052,509393
2668,46068,509393
2669,46084,509393
2670,46098,509393
2671,46114,509393
2672,46131,509393
2673,46145,509393
2674,46163,509393
2675,46182,509393
2676,46198,509393
2677,46213,509393
2678,46235,509393
2679,46248,509393
2680,46265,509393
2681,46281,509393
2682,46297,509393
2683,46313,509393
2684,46328,509393
2685,46345,509393
2686,46359,509393
2687,46377,509393
2688,46393,509393
2689,46412,509393
2690,46430,509393
2691,46446,509393
2692,46464,509393
2693,46481,509393
2694,46502,509393
2695,46518,509393
2696,46538,509393
2697,46554,509393
2698,46570,509393
2699,46585,509393
2700,46601,509393
2701,46617,509393
2702,46634,509393
2703,46649,509393
2704,46664,509393
2705,46680,509393
2706,46698,509393
2707,46717,509393
2708,46743,509393
2709,46762,509393
2710,46779,509393
2711,46795,509393
2712,46817,509393
2713,46836,509393
2714,46852,509393
2715,46868,509393
2716,46883,509393
2717,46900,509393
2718,46919,509393
2719,46940,509393
2720,46956,509393
2721,46972,509393
2722,46990,509393
2723,47008,509393
2724,47026,509393
2725,47047,509393
2726,47064,509393
2727,47081,509393
2728,47103,509393
2729,47118,509393
2730,47140,509393
2731,47155,509393
2732,47180,509393
2733,47197,509393
2734,47213,509393
2735,47229,509393
2736,47242,509393
2737,47259,509393
2738,47273,509393
2739,47290,509393
2740,47306,509393
2741,47323,509393
2742,47338,509393
2743,47355,509393
2744,47372,509393
2745,47386,509393
2746,47411,509393
2747,47431,509393
2748,47453,509393
2749,47468,509393
2750,47483,509393
2751,47500,509393
2752,47514,509393
2753,47530,509393
2754,47546,509393
2755,47561,509393
2756,47578,509393
2757,47597,509393
2758,47615,509393
2759,47634,509393
2760,47650,509393
2761,47666,509393
2762,47685,509393
2763,47701,509393
2764,47721,509393
2765,47737,509393
2766,47753,509393
2767,47769,509393
2768,47787,509393
2769,47802,509393
2770,47818,509393
2771,47833,509393
2772,47849,509393
2773,47867,509393
2774,47887,509393
2775,47900,509393
2776,47918,509393
2777,47932,509393
2778,47947,509393
2779,47965,509393
2780,47979,509393
2781,47995,509393
2782,48013,509393
2783,48027,509393
2784,48043,509393
2785,48057,509393
2786,48072,509393
2787,48089,509393
2788,48105,509393
2789,48121,509393
2790,48137,509393
2791,48150,509393
2792,48166,509393
2793,48185,509393
2794,48207,509393
2795,48225,509393
2796,48253,509393
2797,48279,509393
2798,48295,509393
2799,48320,509393
2800,48336,509393
2801,48352,509393
2802,48369,509393
2803,48383,509393
2804,48398,509393
2805,48416,509393
2806,48431,509393
2807,48447,509393
2808,48464,509393
2809,48477,509393
2810,48492,509393
2811,48508,509393
2812,48524,509393
2813,48540,509393
2814,48554,509393
2815,48571,509393
2816,48587,509393
2817,48603,509393
2818,48618,509393
2819,48634,509393
2820,48648,509393
2821,48664,509393
2822,48680,509393
2823,48700,509393
2824,48715,509393
2825,48733,509393
2826,48752,509393
2827,48770,509393
2828,48790,509393
2829,48813,509393
2830,48834,509393
2831,48857,509393
2832,48887,509393
2833,48914,509393
2834,48937,509393
2835,48961,509393
2836,48981,509393
2837,49001,509393
2838,49017,509393
2839,49032,509393
2840,49048,509393
2841,49064,509393
2842,49085,509393
2843,49102,509393
2844,49121,509393
2845,49135,509393
2846,49157,509393
2847,49173,509393
2848,49191,509393
2849,49214,509393
2850,49230,509393
2851,49248,509393
2852,49262,509393
2853,49288,509393
2854,49302,509393
2855,49318,509393
2856,49335,509393
2857,49358,509393
2858,49375,509393
2859,49390,509393
2860,49408,509393
2861,49427,509393
2862,49451,509393
2863,49467,509393
2864,49486,509393
2865,49504,509393
2866,49527,509393
2867,49543,509393
2868,49561,509393
2869,49579,509393
2870,49595,509393
2871,49610,509393
2872,49627,509393
2873,49642,509393
2874,49658,509393
2875,49674,509393
2876,49690,509393
2877,49706,509393
2878,49722,509393
2879,49738,509393
2880,49752,509393
2881,49769,509393
2882,49790,509393
2883,49808,509393
2884,49827,509393
2885,49842,509393
2886,49859,509393
2887,49872,509393
2888,49889,509393
2889,49905,509393
2890,49926,509393
2891,49943,509393
2892,49958,509393
2893,49977,509393
2894,49991,509393
2895,50008,509393
2896,50024,509393
2897,50041,509393
2898,50057,509393
2899,50077,509393
2900,50092,509393
2901,50109,509393
2902,50126,509393
2903,50143,509393
2904,50162,509393
2905,50178,509393
2906,50192,509393
2907,50212,509393
2908,50232,509393
2909,50248,509393
2910,50263,509393
2911,50279,509393
2912,50295,509393
2913,50310,509393
2914,50324,509393
2915,50339,509393
2916,50356,509393
2917,50371,509393
2918,50389,509393
2919,50403,509393
2920,50419,509393
2921,50434,509393
2922,50450,509393
2923,50465,509393
2924,50481,509393
2925,50496,509393
2926,50511,509393
2927,50529,509393
2928,50546,509393
2929,50563,509393
2930,50577,509393
2931,50593,509393
2932,50609,509393
2933,50627,509393
2934,50649,509393
2935,50670,509393
2936,50690,509393
2937,50706,509393
2938,50725,509393
2939,50749,509393
2940,50765,509393
2941,50780,509393
2942,50796,509393
2943,50812,509393
2944,50826,509393
2945,50843,509764
2946,50856,509764
2947,50877,509764
2948,50893,509764
2949,50909,509764
2950,50925,509764
2951,50941,509764
2952,50957,509764
2953,50973,509764
2954,50990,509764
2955,51006,509764
2956,51021,509764
2957,51039,509764
2958,51055,509764
2959,51071,509764
2960,51087,509764
2961,51108,509764
2962,51123,509764
2963,51145,509764
2964,51161,509764
2965,51176,509764
2966,51191,509764
2967,51217,509764
2968,51234,509764
2969,51251,509764
2970,51266,509764
2971,51286,509764
2972,51308,509764
2973,51324,509764
2974,51342,509764
2975,51359,509764
2976,51375,509764
2977,51394,509764
2978,51409,509764
2979,51424,509764
2980,51440,509764
2981,51456,509764
2982,51470,509764
2983,51484,509764
2984,51499,509764
2985,51516,509764
2986,51530,509764
2987,51544,509764
2988,51560,509764
2989,51574,509764
2990,51595,509764
2991,51610,509764
2992,51625,509764
2993,51640,509764
2994,51655,509764
2995,51668,509764
2996,51685,509764
2997,51700,509764
2998,51714,509764
2999,51729,509764
3000,51746,509764
3001,51762,509764
3002,51781,509764
3003,51797,509764
3004,51813,509764
3005,51830,509764
3006,51857,509764
3007,51871,509764
3008,51886,509764
3009,51902,509764
3010,51917,509764
3011,51935,509764
3012,51956,509764
3013,51972,509764
3014,51991,509764
3015,52006,509764
3016,52022,509764
3017,52036,509764
3018,52052,509764
3019,52068,509764
3020,52085,509764
3021,52101,509764
3022,52116,509764
3023,52131,509764
3024,52146,509764
3025,52161,509764
3026,52178,509764
3027,52196,509764
3028,52215,509764
3029,52231,509764
3030,52247,509764
3031,52262,509764
3032,52277,509764
3033,52290,509764
3034,52307,509764
3035,52322,509764
3036,52342,509764
3037,52359,509764
3038,52375,509764
3039,52388,509764
3040,52405,509764
3041,52427,509764
3042,52448,509764
3043,52464,509764
3044,52479,509764
3045,52494,509764
3046,52511,509764
3047,52530,509764
3048,52545,509764
3049,52562,509764
3050,52578,509764
3051,52594,509764
3052,52608,509764
3053,52625,509764
3054,52639,509764
3055,52653,509764
3056,52670,509764
3057,52685,509764
3058,52700,509764
3059,52715,509764
3060,52730,509764
3061,52745,509764
3062,52759,509764
3063,52775,509764
3064,52790,509764
3065,52806,509764
3066,52826,509764
3067,52842,509764
3068,52855,509764
3069,52871,509764
3070,52885,509764
3071,52900,509764
3072,52916,509764
3073,52933,509764
3074,52954,509764
3075,52976,509764
3076,52996,509764
3077,53011,509764
3078,53029,509764
3079,53047,509764
3080,53063,509764
3081,53080,509764
3082,53097,509764
3083,53117,509764
3084,53132,509764
3085,53149,509764
3086,53165,509764
3087,53183,509764
3088,53207,509764
3089,53223,509764
3090,53239,509764
3091,53254,509764
3092,53269,509764
3093,53285,509764
3094,53304,509764
3095,53320,509764
3096,53340,509764
3097,53359,509764
3098,53376,509764
3099,53390,509764
3100,53406,509764
3101,53421,509764
3102,53439,509764
3103,53458,509764
3104,53474,509764
3105,53488,509764
3106,53504,509764
3107,53519,509764
3108,53535,509764
3109,53551,509764
3110,53566,509764
3111,53581,509764
3112,53596,509764
3113,53611,509764
3114,53627,509764
3115,53646,509764
3116,53662,509764
3117,53677,509764
3118,53699,509764
3119,53716,509764
3120,53733,509764
3121,53749,509764
3122,53766,509764
3123,53783,509764
3124,53800,509764
3125,53816,509764
3126,53832,509764
3127,53848,509764
3128,53864,509764
3129,53880,509764
3130,53895,509764
3131,53912,509764
3132,53930,509764
3133,53946,509764
3134,53964,509764
3135,53982,509764
3136,53999,509764
3137,54021,509764
3138,54036,509764
3139,54052,509764
3140,54070,509764
3141,54091,509764
3142,54111,509764
3143,54128,509764
3144,54143,509764
3145,54163,509764
3146,54179,509764
3147,54199,509764
3148,54214,509764
3149,54232,509764
3150,54258,509764
3151,54277,509764
3152,54294,509764
3153,54311,509764
3154,54336,509764
3155,54352,509764
3156,54369,509764
3157,54385,509764
3158,54401,509764
3159,54418,509764
3160,54445,509764
3161,54461,509764
3162,54477,509764
3163,54492,509764
3164,54507,509764
3165,54522,509764
3166,54546,509764
3167,54561,509764
3168,54578,509764
3169,54595,509764
3170,54610,509764
3171,54631,509764
3172,54645,509764
3173,54661,509764
3174,54677,509764
3175,54694,509764
3176,54708,509764
3177,54725,509764
3178,54740,509764
3179,54756,509764
3180,54772,509764
3181,54788,509764
3182,54802,509764
3183,54819,509764
3184,54835,509764
3185,54851,509764
3186,54867,509764
3187,54886,509764
3188,54901,509764
3189,54918,509764
3190,54934,509764
3191,54955,509764
3192,54980,509764
3193,54998,509764
3194,55014,509764
3195,55037,509764
3196,55055,509764
3197,55070,509764
3198,55087,509764
3199,55102,509764
3200,55124,509764
3201,55139,509764
3202,55154,509764
3203,55171,509764
3204,55194,509764
3205,55209,509764
3206,55227,509764
3207,55246,509764
3208,55261,509764
3209,55277,509764
3210,55295,509764
3211,55309,509764
3212,55325,509764
3213,55342,509764
3214,55357,509764
3215,55373,509764
3216,55399,509764
3217,55414,509764
3218,55430,509764
3219,55447,509764
3220,55468,509764
3221,55489,509764
3222,55506,509764
3223,55523,509764
3224,55572,509764
3225,55608,509764
3226,55635,509764
3227,55663,509764
3228,55695,509764
3229,55718,509764
3230,55735,509764
3231,55751,509764
3232,55764,509764
3233,55779,509764
3234,55796,509764
3235,55811,509764
3236,55827,509764
3237,55841,509764
3238,55861,509764
3239,55877,509764
3240,55891,509764
3241,55914,509764
3242,55929,509764
3243,55946,509764
3244,55963,509764
3245,55979,509764
3246,55994,509764
3247,56011,509764
3248,56029,509764
3249,56043,509764
3250,56061,509764
3251,56077,509764
3252,56099,509764
3253,56118,509764
3254,56135,509764
3255,56149,509764
3256,56167,509764
3257,56185,509764
3258,56202,509764
3259,56225,509764
3260,56241,509764
3261,56259,509764
3262,56275,509764
3263,56292,509764
3264,56317,509764
3265,56332,509764
3266,56347,509764
3267,56364,509764
3268,56379,509764
3269,56396,509764
3270,56416,509764
3271,56431,509764
3272,56447,509764
3273,56462,509764
3274,56478,509764
3275,56495,509764
3276,56509,509764
3277,56587,509764
3278,56602,509764
3279,56618,509764
3280,56633,509764
3281,56648,509764
3282,56665,509764
3283,56684,509764
3284,56700,509764
3285,56717,509764
3286,56731,509764
3287,56749,509764
3288,56764,509764
3289,56785,509764
3290,56801,509764
3291,56815,509764
3292,56833,509764
3293,56850,509764
3294,56866,509764
3295,56882,509764
3296,56898,509764
3297,56914,509764
3298,56929,509764
3299,56954,509764
3300,56969,509764
3301,56984,509764
3302,57005,509764
3303,57020,509764
3304,57042,509764
3305,57057,509764
3306,57072,509764
3307,57087,509764
3308,57105,509764
3309,57124,509764
3310,57141,509764
3311,57160,509764
3312,57179,509764
3313,57203,509764
3314,57227,509764
3315,57243,509764
3316,57257,509764
3317,57273,509764
3318,57292,509764
3319,57311,509764
3320,57327,509764
3321,57343,509764
3322,57360,509764
3323,57382,509764
3324,57398,509764
3325,57416,509764
3326,57433,509764
3327,57448,509764
3328,57465,509764
3329,57479,509764
3330,57495,509764
3331,57510,509764
3332,57533,509764
3333,57550,509764
3334,57566,509764
3335,57582,509764
3336,57603,509764
3337,57618,509764
3338,57633,509764
3339,57648,509764
3340,57664,509764
3341,57680,509764
3342,57695,509764
3343,57711,509764
3344,57727,509764
3345,57741,509764
3346,57756,509764
3347,57770,509764
3348,57785,509764
3349,57800,509764
3350,57822,509764
3351,57837,509764
3352,57852,509764
3353,57870,509764
3354,57887,509764
3355,57904,509764
3356,57922,509764
3357,57944,509764
3358,57960,509764
3359,57977,509764
3360,57999,509764
3361,58016,509764
3362,58031,509764
3363,58048,509764
3364,58068,509764
3365,58085,509764
3366,58100,509764
3367,58115,509764
3368,58130,509764
3369,58145,509764
3370,58163,509764
3371,58178,509764
3372,58194,509764
3373,58210,509764
3374,58227,509764
3375,58243,509764
3376,58260,509764
3377,58279,509764
3378,58299,509764
3379,58322,509764
3380,58342,509764
3381,58357,509764
3382,58372,509764
3383,58389,509764
3384,58412,509764
3385,58429,509764
3386,58448,509764
3387,58463,509764
3388,58492,509764
3389,58510,509764
3390,58525,509764
3391,58544,509764
3392,58558,509764
3393,58575,509764
3394,58592,509764
