Generation number, Milliseconds from start, Fitness
0,0,437309
1,17,437309
2,38,437309
3,61,437309
4,85,437309
5,102,437309
6,116,437309
7,132,437309
8,146,437309
9,174,437309
10,190,437309
11,207,437309
12,224,444456
13,244,444456
14,260,444456
15,275,444456
16,292,444456
17,312,444456
18,329,444456
19,343,444456
20,360,444456
21,383,444456
22,397,444456
23,412,444456
24,427,444456
25,442,444456
26,458,444456
27,473,444456
28,489,444456
29,503,444456
30,520,444456
31,540,444456
32,555,444456
33,577,444456
34,591,445644
35,611,445644
36,627,445644
37,649,445644
38,664,445644
39,681,445644
40,694,445644
41,709,445644
42,726,445644
43,739,445644
44,754,445644
45,769,445644
46,785,445644
47,800,445644
48,815,445644
49,829,445644
50,844,445644
51,858,445644
52,874,445644
53,889,445644
54,902,448658
55,919,455413
56,933,455413
57,954,455413
58,970,455413
59,984,455413
60,998,455413
61,1026,455413
62,1043,455413
63,1067,455413
64,1084,455413
65,1100,455413
66,1116,455413
67,1131,455413
68,1151,455413
69,1167,455413
70,1181,455413
71,1196,455413
72,1211,455413
73,1226,455413
74,1241,455413
75,1257,455413
76,1274,464796
77,1289,464796
78,1303,464796
79,1323,464796
80,1341,464796
81,1354,464796
82,1370,464796
83,1385,464796
84,1401,464796
85,1416,464796
86,1433,464796
87,1448,464796
88,1462,464796
89,1481,464796
90,1504,464796
91,1519,464796
92,1532,464796
93,1553,464796
94,1575,464796
95,1601,464796
96,1618,464796
97,1635,464796
98,1649,464796
99,1665,471145
100,1683,471145
101,1699,471145
102,1717,471145
103,1733,471145
104,1755,471145
105,1771,471145
106,1784,471145
107,1798,471145
108,1814,471145
109,1829,471145
110,1845,471145
111,1859,471145
112,1873,471145
113,1888,471145
114,1904,471145
115,1918,471145
116,1933,471145
117,1949,471145
118,1962,471145
119,1977,471145
120,1991,471145
121,2006,471145
122,2025,471145
123,2043,471145
124,2057,471145
125,2072,471145
126,2092,471145
127,2111,471145
128,2127,471145
129,2143,471145
130,2165,471145
131,2182,471145
132,2203,471145
133,2218,471145
134,2239,471145
135,2258,473288
136,2279,473288
137,2295,473288
138,2310,473288
139,2325,473288
140,2339,473288
141,2354,473288
142,2372,473288
143,2388,473288
144,2411,473288
145,2431,473288
146,2451,473288
147,2468,473288
148,2483,475043
149,2502,475043
150,2517,475043
151,2531,475043
152,2552,475043
153,2566,475043
154,2583,475043
155,2600,475043
156,2616,475043
157,2634,475043
158,2660,475043
159,2675,475043
160,2692,475043
161,2708,475043
162,2723,475043
163,2737,475043
164,2752,475043
165,2767,475043
166,2783,475043
167,2798,475043
168,2815,475043
169,2836,475043
170,2851,475043
171,2866,475043
172,2882,475043
173,2897,475043
174,2912,475043
175,2928,475043
176,2943,475043
177,2959,475043
178,2972,475043
179,2990,475043
180,3005,475043
181,3021,475043
182,3035,475043
183,3050,475043
184,3072,475043
185,3086,475043
186,3101,475043
187,3117,475043
188,3134,475043
189,3149,475043
190,3173,475043
191,3192,477151
192,3213,477151
193,3233,477151
194,3250,477151
195,3265,477151
196,3282,477151
197,3300,477151
198,3315,477151
199,3332,477151
200,3349,477151
201,3363,477151
202,3378,477151
203,3394,477151
204,3409,477151
205,3424,477151
206,3444,477151
207,3460,477151
208,3475,477151
209,3491,477151
210,3506,477151
211,3520,479858
212,3534,479858
213,3556,479858
214,3572,479858
215,3587,479858
216,3602,479858
217,3618,479858
218,3634,479858
219,3650,486499
220,3669,486499
221,3688,486499
222,3705,486499
223,3722,486499
224,3739,486499
225,3757,486499
226,3774,486499
227,3788,486499
228,3803,486499
229,3817,486499
230,3833,486499
231,3855,486499
232,3869,486499
233,3887,486499
234,3907,486499
235,3920,486499
236,3935,486499
237,3951,486499
238,3967,486499
239,3982,486499
240,3997,486499
241,4011,486499
242,4027,486499
243,4040,486499
244,4055,486499
245,4070,486499
246,4086,486499
247,4102,486499
248,4115,486499
249,4130,486499
250,4145,486499
251,4161,486499
252,4178,486499
253,4197,486499
254,4214,486499
255,4240,486499
256,4265,486499
257,4282,486499
258,4300,486499
259,4314,486499
260,4329,486499
261,4345,486499
262,4359,486499
263,4378,486499
264,4394,486499
265,4411,486499
266,4436,486499
267,4452,486499
268,4466,486499
269,4483,486499
270,4499,486499
271,4517,486499
272,4529,486499
273,4545,486499
274,4562,486499
275,4578,486499
276,4604,486499
277,4629,486499
278,4647,486499
279,4665,486499
280,4681,486499
281,4696,486499
282,4717,486499
283,4737,486499
284,4756,486499
285,4774,486499
286,4790,486499
287,4806,486499
288,4821,486499
289,4839,486499
290,4854,486499
291,4870,486499
292,4891,486499
293,4905,486499
294,4921,486499
295,4936,486499
296,4958,486499
297,4979,486499
298,4993,486499
299,5009,486499
300,5023,486499
301,5039,486499
302,5054,486499
303,5070,486499
304,5086,486499
305,5102,486499
306,5117,486499
307,5134,486499
308,5150,486499
309,5166,486499
310,5182,486499
311,5198,486499
312,5212,486842
313,5228,486842
314,5249,486842
315,5267,486842
316,5293,486842
317,5308,486842
318,5324,486842
319,5342,486842
320,5363,486842
321,5377,486842
322,5392,486842
323,5406,486842
324,5430,486842
325,5443,486842
326,5460,486842
327,5478,486842
328,5492,486842
329,5508,486842
330,5523,486842
331,5540,486842
332,5554,486842
333,5569,486842
334,5583,486842
335,5599,486842
336,5619,486842
337,5635,486842
338,5651,486842
339,5667,486842
340,5683,486842
341,5699,486842
342,5714,486842
343,5730,486842
344,5744,486842
345,5760,486842
346,5779,486842
347,5797,486842
348,5813,486842
349,5835,486842
350,5850,486842
351,5865,486842
352,5880,486842
353,5898,486842
354,5916,486842
355,5940,486842
356,5955,486842
357,5971,486842
358,5992,486842
359,6009,486842
360,6023,486842
361,6038,486842
362,6054,486842
363,6069,486842
364,6084,486842
365,6098,486842
366,6114,486842
367,6132,486842
368,6147,486842
369,6165,486842
370,6181,486842
371,6196,486842
372,6213,486842
373,6227,486842
374,6242,486842
375,6260,486842
376,6276,486842
377,6295,486842
378,6321,491550
379,6347,491550
380,6367,491550
381,6393,491550
382,6409,491550
383,6424,491550
384,6441,491550
385,6461,491550
386,6478,491550
387,6493,491550
388,6509,491550
389,6527,491550
390,6543,491550
391,6558,491550
392,6584,491550
393,6604,491550
394,6621,491550
395,6639,491550
396,6656,491550
397,6678,491550
398,6695,491550
399,6711,491550
400,6726,491550
401,6742,491550
402,6757,491723
403,6778,491723
404,6795,491723
405,6810,491723
406,6828,491723
407,6848,491723
408,6863,491723
409,6888,491723
410,6907,491723
411,6923,491723
412,6939,491723
413,6956,491723
414,6971,491723
415,6987,491723
416,7007,491723
417,7023,491723
418,7036,491723
419,7054,491723
420,7068,491723
421,7084,491723
422,7100,491723
423,7116,491723
424,7131,491723
425,7146,491723
426,7165,491723
427,7182,491723
428,7195,491723
429,7210,491723
430,7234,491723
431,7250,491723
432,7268,491723
433,7282,491723
434,7299,491723
435,7316,491723
436,7332,491723
437,7347,491723
438,7374,491723
439,7391,491723
440,7420,491723
441,7447,491723
442,7473,491723
443,7493,491723
444,7508,491723
445,7523,491723
446,7542,491723
447,7557,491723
448,7573,491723
449,7595,491723
450,7609,491723
451,7625,491723
452,7642,491723
453,7657,491723
454,7671,491723
455,7688,491723
456,7702,491723
457,7716,491723
458,7732,491723
459,7746,491723
460,7761,491723
461,7778,491723
462,7792,491723
463,7809,491723
464,7825,491723
465,7841,491723
466,7861,491723
467,7877,491723
468,7899,491723
469,7915,491723
470,7931,491723
471,7948,491723
472,7965,491723
473,7981,491723
474,7998,491723
475,8013,491723
476,8029,491723
477,8042,491723
478,8059,491723
479,8075,491723
480,8090,491723
481,8106,491723
482,8120,491723
483,8138,491723
484,8153,491723
485,8173,493234
486,8191,493234
487,8207,493234
488,8225,493234
489,8245,493234
490,8261,493234
491,8285,493234
492,8301,493234
493,8320,493234
494,8336,493234
495,8352,493234
496,8365,493234
497,8380,493234
498,8393,493234
499,8411,493234
500,8425,493234
501,8443,493234
502,8463,493234
503,8481,493234
504,8499,493234
505,8520,493234
506,8537,493234
507,8554,493234
508,8569,493234
509,8585,493234
510,8599,493234
511,8625,493234
512,8640,493234
513,8658,493234
514,8673,493234
515,8688,493234
516,8703,493234
517,8719,493234
518,8734,493234
519,8751,493234
520,8767,493234
521,8784,493234
522,8803,493234
523,8819,493234
524,8834,493234
525,8848,493234
526,8864,493234
527,8878,493234
528,8896,493234
529,8911,493234
530,8926,493234
531,8942,493234
532,8965,493234
533,8986,493234
534,9005,493234
535,9027,493234
536,9045,493234
537,9060,493234
538,9078,493234
539,9093,493234
540,9113,493234
541,9127,493234
542,9141,493234
543,9161,493234
544,9175,493234
545,9190,493234
546,9208,493234
547,9224,493234
548,9240,493234
549,9263,493234
550,9279,493234
551,9293,493234
552,9314,493234
553,9331,493234
554,9345,493234
555,9360,493234
556,9376,493234
557,9399,493234
558,9414,493234
559,9428,493234
560,9443,493234
561,9459,493234
562,9475,493234
563,9493,493234
564,9508,493234
565,9536,493234
566,9569,493234
567,9593,493234
568,9612,493234
569,9628,493234
570,9645,493234
571,9661,493234
572,9677,493234
573,9692,493234
574,9711,494351
575,9729,494351
576,9743,494351
577,9760,494351
578,9776,494351
579,9791,494351
580,9812,494351
581,9826,494351
582,9842,494351
583,9856,494351
584,9872,494351
585,9889,494351
586,9904,494351
587,9919,494351
588,9934,494351
589,9951,494351
590,9965,494351
591,9982,494351
592,9996,494351
593,10011,494351
594,10025,494351
595,10041,494351
596,10058,494351
597,10073,494351
598,10090,494351
599,10107,494351
600,10123,494351
601,10147,494351
602,10164,494351
603,10180,494351
604,10197,494351
605,10214,494351
606,10233,494351
607,10256,494351
608,10275,494351
609,10291,494351
610,10312,494351
611,10333,494351
612,10347,494351
613,10365,494351
614,10381,494351
615,10394,494351
616,10408,494351
617,10426,494351
618,10441,494351
619,10454,494351
620,10470,494351
621,10487,494351
622,10501,494351
623,10516,494351
624,10534,494351
625,10547,494351
626,10562,494351
627,10578,494351
628,10594,494351
629,10608,494351
630,10625,494351
631,10641,494351
632,10659,494351
633,10676,494351
634,10690,494351
635,10706,494351
636,10728,494351
637,10742,494351
638,10757,494351
639,10774,494351
640,10790,494351
641,10804,494351
642,10819,494351
643,10835,494351
644,10850,494351
645,10864,494351
646,10880,494351
647,10894,494351
648,10910,494351
649,10927,494351
650,10940,494351
651,10962,494351
652,10975,494351
653,10992,494351
654,11009,495317
655,11022,495317
656,11041,495317
657,11059,495964
658,11074,495964
659,11089,495964
660,11105,495964
661,11119,495964
662,11144,495964
663,11166,495964
664,11183,495964
665,11203,495964
666,11222,495964
667,11241,495964
668,11255,495964
669,11272,495964
670,11291,495964
671,11306,495964
672,11322,495964
673,11338,495964
674,11354,495964
675,11369,495964
676,11385,495964
677,11399,495964
678,11419,495964
679,11435,495964
680,11448,495964
681,11465,495964
682,11481,496233
683,11501,496233
684,11521,496233
685,11548,496233
686,11563,496233
687,11587,496233
688,11605,496233
689,11620,496233
690,11640,496233
691,11672,496233
692,11702,496233
693,11727,496233
694,11755,496233
695,11778,496233
696,11794,496233
697,11812,496233
698,11830,496233
699,11844,496233
700,11860,496233
701,11876,496233
702,11892,496233
703,11909,496233
704,11926,496233
705,11940,496233
706,11956,496233
707,11973,496233
708,11988,496233
709,12003,496233
710,12019,496233
711,12035,497121
712,12056,497121
713,12071,497121
714,12094,497121
715,12110,497121
716,12127,497121
717,12141,497121
718,12158,497121
719,12173,497121
720,12188,497121
721,12213,497121
722,12229,497121
723,12249,497121
724,12271,497196
725,12302,497196
726,12321,497196
727,12337,497196
728,12354,497196
729,12370,497196
730,12386,497196
731,12402,497196
732,12419,497196
733,12440,497196
734,12457,497196
735,12477,497196
736,12497,497196
737,12512,497196
738,12528,497196
739,12543,497196
740,12557,497196
741,12576,497196
742,12592,497196
743,12606,497196
744,12622,497196
745,12637,497196
746,12651,497196
747,12672,497196
748,12688,497196
749,12706,498316
750,12721,498316
751,12743,498316
752,12763,498316
753,12780,498316
754,12796,498316
755,12820,498316
756,12842,498316
757,12858,498316
758,12879,498316
759,12901,498316
760,12918,498316
761,12937,498316
762,12953,498316
763,12972,498316
764,12994,498316
765,13009,498316
766,13027,498316
767,13042,498316
768,13062,498316
769,13079,498316
770,13095,498316
771,13112,498316
772,13127,498316
773,13149,498316
774,13167,498316
775,13183,498316
776,13209,498316
777,13227,498316
778,13247,498316
779,13272,498316
780,13297,498316
781,13313,498316
782,13333,498316
783,13358,498316
784,13379,498316
785,13398,498316
786,13422,498316
787,13444,498316
788,13463,498316
789,13487,498316
790,13505,498316
791,13520,498316
792,13540,498316
793,13558,498316
794,13573,498316
795,13590,498316
796,13607,498316
797,13624,498316
798,13640,498316
799,13656,498316
800,13671,498316
801,13691,498316
802,13716,498316
803,13732,498316
804,13747,498316
805,13770,498316
806,13785,498316
807,13802,498316
808,13817,498316
809,13831,498316
810,13847,498316
811,13862,498316
812,13876,498316
813,13896,498316
814,13917,498316
815,13934,498316
816,13955,498316
817,13971,498316
818,13988,498316
819,14006,498316
820,14020,498316
821,14035,498316
822,14050,498316
823,14066,498316
824,14081,498316
825,14097,498316
826,14113,498316
827,14130,498316
828,14149,498316
829,14173,498316
830,14206,498316
831,14225,498316
832,14241,498316
833,14258,498316
834,14272,498316
835,14288,498316
836,14306,498316
837,14324,498316
838,14337,498316
839,14353,498316
840,14370,498316
841,14386,498316
842,14402,498316
843,14417,498316
844,14432,498316
845,14449,498316
846,14468,498316
847,14485,498316
848,14503,498316
849,14521,498316
850,14543,498316
851,14558,498316
852,14574,498316
853,14590,498316
854,14604,498316
855,14625,498316
856,14639,498316
857,14655,498316
858,14672,498316
859,14686,498316
860,14702,498316
861,14718,498316
862,14742,498316
863,14763,498316
864,14779,498316
865,14794,498316
866,14810,498316
867,14827,498316
868,14842,498316
869,14858,498316
870,14874,498316
871,14888,498316
872,14904,498316
873,14920,498316
874,14935,498316
875,14950,498316
876,14966,498316
877,14982,498316
878,15004,498316
879,15019,498316
880,15038,498316
881,15055,498316
882,15071,498316
883,15092,498316
884,15107,498316
885,15122,498316
886,15136,498316
887,15153,498316
888,15169,498316
889,15185,498316
890,15202,498316
891,15215,498316
892,15233,498316
893,15248,498316
894,15263,498316
895,15277,499497
896,15297,499497
897,15319,499497
898,15335,499497
899,15350,499497
900,15364,499497
901,15386,499497
902,15401,499497
903,15417,499497
904,15434,499497
905,15452,499497
906,15471,499497
907,15486,499497
908,15501,499497
909,15517,499497
910,15540,499497
911,15561,499497
912,15579,499497
913,15606,499497
914,15624,499497
915,15647,499497
916,15663,499497
917,15680,499497
918,15695,499497
919,15709,499497
920,15725,499497
921,15740,499497
922,15755,499497
923,15771,499497
924,15786,499497
925,15802,499497
926,15817,499497
927,15833,499497
928,15848,499497
929,15863,499497
930,15877,499497
931,15901,499497
932,15917,499497
933,15940,499497
934,15956,499497
935,15973,499497
936,15993,499497
937,16007,499497
938,16022,499497
939,16036,499497
940,16057,499497
941,16080,499497
942,16096,499497
943,16117,499497
944,16136,499497
945,16152,499497
946,16170,499497
947,16191,499497
948,16206,499497
949,16234,499497
950,16251,499497
951,16275,499497
952,16294,499497
953,16311,499497
954,16324,499497
955,16341,499497
956,16357,499497
957,16370,499497
958,16384,499497
959,16401,499497
960,16415,499497
961,16430,499497
962,16444,499497
963,16465,499497
964,16482,499497
965,16502,499497
966,16518,499497
967,16539,499497
968,16553,499497
969,16569,499497
970,16586,499497
971,16600,499497
972,16621,499497
973,16638,499497
974,16657,499497
975,16675,499497
976,16690,499497
977,16707,499497
978,16725,499497
979,16739,499497
980,16755,499497
981,16769,499497
982,16785,499497
983,16801,499497
984,16816,499497
985,16831,499497
986,16851,499774
987,16866,499774
988,16881,499774
989,16897,499774
990,16919,499774
991,16933,499774
992,16949,499774
993,16969,499774
994,16989,500051
995,17008,500051
996,17026,500051
997,17046,500051
998,17062,500051
999,17076,500051
1000,17091,500051
1001,17106,500051
1002,17120,500051
1003,17137,500051
1004,17153,500051
1005,17173,500051
1006,17189,500051
1007,17205,500051
1008,17223,500051
1009,17241,500051
1010,17260,500051
1011,17277,500051
1012,17292,500051
1013,17308,500051
1014,17325,500051
1015,17342,500051
1016,17364,500051
1017,17387,500051
1018,17413,500051
1019,17432,500051
1020,17453,500051
1021,17471,500051
1022,17487,500051
1023,17512,500051
1024,17528,500051
1025,17549,500051
1026,17564,500051
1027,17578,500051
1028,17594,500051
1029,17610,500051
1030,17625,500051
1031,17640,500051
1032,17656,500051
1033,17670,500051
1034,17687,500051
1035,17710,500051
1036,17735,500051
1037,17756,500051
1038,17770,500051
1039,17789,500051
1040,17808,500051
1041,17822,500051
1042,17838,500051
1043,17854,500051
1044,17869,500051
1045,17884,500051
1046,17899,500051
1047,17913,500051
1048,17928,500051
1049,17942,500051
1050,17963,500051
1051,17978,500051
1052,17994,500051
1053,18009,500051
1054,18026,500051
1055,18043,500051
1056,18057,500051
1057,18073,500051
1058,18088,500051
1059,18104,500051
1060,18121,500051
1061,18135,500051
1062,18152,500051
1063,18168,500051
1064,18183,500051
1065,18200,500051
1066,18214,500051
1067,18230,500051
1068,18249,500051
1069,18267,500051
1070,18282,500051
1071,18305,500051
1072,18324,500051
1073,18343,500051
1074,18359,500051
1075,18374,500051
1076,18391,500051
1077,18411,500051
1078,18426,500051
1079,18441,500051
1080,18456,500051
1081,18473,500051
1082,18488,500051
1083,18503,500051
1084,18524,500051
1085,18541,500051
1086,18556,500051
1087,18571,500051
1088,18587,500051
1089,18603,500051
1090,18618,500051
1091,18631,500051
1092,18648,500051
1093,18664,500051
1094,18686,500051
1095,18703,500051
1096,18718,500051
1097,18732,500051
1098,18748,500051
1099,18763,500051
1100,18779,500051
1101,18803,500051
1102,18826,500051
1103,18845,500051
1104,18865,500051
1105,18886,500051
1106,18901,500051
1107,18919,500051
1108,18933,500051
1109,18949,500051
1110,18964,500051
1111,18980,500051
1112,18996,500051
1113,19011,500051
1114,19027,500051
1115,19049,500355
1116,19072,500355
1117,19087,500355
1118,19104,500355
1119,19120,500355
1120,19139,500355
1121,19157,500355
1122,19177,500355
1123,19191,500976
1124,19210,500976
1125,19232,500976
1126,19248,500976
1127,19263,500976
1128,19285,500976
1129,19301,500976
1130,19315,500976
1131,19336,500976
1132,19355,500976
1133,19374,500976
1134,19400,501724
1135,19422,501724
1136,19450,501724
1137,19467,501724
1138,19485,501724
1139,19508,501724
1140,19531,501724
1141,19547,501724
1142,19566,501724
1143,19581,501724
1144,19596,501724
1145,19612,501724
1146,19627,501724
1147,19643,501724
1148,19661,501724
1149,19677,501724
1150,19692,501724
1151,19706,501724
1152,19722,501724
1153,19738,501724
1154,19752,501724
1155,19767,501724
1156,19781,501724
1157,19797,501724
1158,19812,501724
1159,19831,501724
1160,19847,501724
1161,19862,501724
1162,19877,501724
1163,19896,501724
1164,19912,501724
1165,19929,501724
1166,19952,501724
1167,19969,501724
1168,19986,501724
1169,20004,501724
1170,20017,501724
1171,20035,501724
1172,20050,501724
1173,20066,501724
1174,20081,501724
1175,20097,501724
1176,20113,501724
1177,20128,501724
1178,20143,501724
1179,20164,501724
1180,20177,501724
1181,20192,501724
1182,20207,501724
1183,20226,501724
1184,20241,501724
1185,20262,501724
1186,20277,501724
1187,20292,501724
1188,20308,501724
1189,20323,501724
1190,20338,501724
1191,20352,501724
1192,20369,501724
1193,20384,501724
1194,20399,501724
1195,20414,501724
1196,20428,501724
1197,20444,501724
1198,20460,501724
1199,20479,501724
1200,20496,501724
1201,20512,501724
1202,20536,501724
1203,20558,501724
1204,20571,501724
1205,20588,501724
1206,20600,501724
1207,20617,501724
1208,20633,501724
1209,20655,501724
1210,20671,501724
1211,20685,501724
1212,20710,501724
1213,20724,501724
1214,20737,501724
1215,20753,501724
1216,20773,501724
1217,20787,501724
1218,20802,501724
1219,20818,501724
1220,20834,501724
1221,20850,501724
1222,20864,501724
1223,20879,501724
1224,20897,501724
1225,20911,501724
1226,20928,501724
1227,20944,501724
1228,20959,501724
1229,20973,501724
1230,20988,501724
1231,21002,501724
1232,21024,501724
1233,21039,501724
1234,21057,501724
1235,21076,501724
1236,21097,501724
1237,21113,501724
1238,21130,501724
1239,21145,501724
1240,21161,501724
1241,21179,501724
1242,21198,501724
1243,21222,501724
1244,21248,501724
1245,21264,501724
1246,21281,501724
1247,21297,501724
1248,21314,501724
1249,21330,501724
1250,21347,501724
1251,21362,501724
1252,21380,501724
1253,21395,501724
1254,21409,501724
1255,21423,501724
1256,21447,501724
1257,21461,501724
1258,21477,501724
1259,21491,501724
1260,21507,501724
1261,21523,501724
1262,21540,501724
1263,21555,501724
1264,21584,501724
1265,21601,501724
1266,21622,501724
1267,21639,501724
1268,21654,501724
1269,21671,501724
1270,21685,501724
1271,21700,501724
1272,21715,501724
1273,21730,501724
1274,21745,501724
1275,21761,501724
1276,21775,501724
1277,21791,501724
1278,21811,501724
1279,21826,501724
1280,21842,501724
1281,21856,501724
1282,21873,501724
1283,21887,501724
1284,21902,501724
1285,21924,501724
1286,21938,501724
1287,21956,501724
1288,21971,501724
1289,21987,501724
1290,22001,501724
1291,22027,501724
1292,22044,501724
1293,22058,501724
1294,22073,501724
1295,22088,501724
1296,22112,501724
1297,22138,501724
1298,22155,501724
1299,22172,501724
1300,22193,501724
1301,22211,501724
1302,22230,501724
1303,22254,501724
1304,22268,501724
1305,22291,501724
1306,22316,501724
1307,22330,501724
1308,22347,501724
1309,22367,501724
1310,22388,501724
1311,22404,501724
1312,22419,501724
1313,22443,501724
1314,22458,501724
1315,22473,501724
1316,22490,501724
1317,22512,501724
1318,22526,501724
1319,22542,501724
1320,22557,501724
1321,22572,501724
1322,22587,501724
1323,22603,501724
1324,22619,501724
1325,22635,501724
1326,22650,501724
1327,22668,501724
1328,22689,501724
1329,22709,501724
1330,22727,501724
1331,22744,501724
1332,22762,501724
1333,22777,501724
1334,22793,501724
1335,22807,501724
1336,22823,501724
1337,22839,501724
1338,22854,501724
1339,22870,501724
1340,22884,501724
1341,22900,501724
1342,22916,501724
1343,22937,501724
1344,22950,501724
1345,22966,501724
1346,22981,501724
1347,22998,501724
1348,23012,501724
1349,23031,501724
1350,23046,501724
1351,23061,501724
1352,23078,501724
1353,23093,501724
1354,23108,501724
1355,23124,501724
1356,23140,501724
1357,23154,501724
1358,23171,501724
1359,23194,501724
1360,23209,501724
1361,23233,501724
1362,23258,501724
1363,23284,501724
1364,23303,501724
1365,23320,501724
1366,23338,501724
1367,23354,501724
1368,23368,501724
1369,23383,501724
1370,23398,501724
1371,23417,501724
1372,23433,501724
1373,23448,501724
1374,23462,501724
1375,23479,501724
1376,23493,501724
1377,23510,501724
1378,23525,501724
1379,23540,501724
1380,23562,501724
1381,23577,501724
1382,23592,501724
1383,23607,501724
1384,23621,501724
1385,23635,501724
1386,23649,501724
1387,23665,501724
1388,23681,501724
1389,23696,501724
1390,23712,501724
1391,23729,501724
1392,23744,501724
1393,23759,501724
1394,23775,501724
1395,23793,501724
1396,23809,501724
1397,23824,501724
1398,23840,501724
1399,23857,501724
1400,23879,501724
1401,23895,501724
1402,23915,501724
1403,23930,501724
1404,23946,501724
1405,23962,501724
1406,23977,501724
1407,23992,501724
1408,24006,501724
1409,24022,501724
1410,24038,501724
1411,24054,501724
1412,24068,501724
1413,24085,501724
1414,24101,501724
1415,24115,501724
1416,24135,501724
1417,24149,501724
1418,24164,501724
1419,24179,501724
1420,24196,501724
1421,24210,501724
1422,24228,501724
1423,24248,501724
1424,24264,501724
1425,24280,501724
1426,24295,501724
1427,24314,501724
1428,24334,501724
1429,24356,501724
1430,24371,501724
1431,24389,501724
1432,24408,501724
1433,24423,501724
1434,24441,501724
1435,24463,501724
1436,24480,501724
1437,24499,501724
1438,24515,501724
1439,24529,501724
1440,24551,501724
1441,24570,501724
1442,24583,501724
1443,24599,501724
1444,24614,501724
1445,24630,501724
1446,24645,501724
1447,24662,501724
1448,24681,501724
1449,24699,501724
1450,24715,501724
1451,24730,501724
1452,24746,501724
1453,24760,501724
1454,24780,501724
1455,24797,501724
1456,24812,501724
1457,24828,501724
1458,24845,501724
1459,24860,501724
1460,24873,501724
1461,24888,501724
1462,24908,501724
1463,24924,501724
1464,24942,501724
1465,24957,501724
1466,24975,501724
1467,24993,501724
1468,25011,501724
1469,25028,501724
1470,25044,501724
1471,25059,501724
1472,25074,501724
1473,25088,501724
1474,25103,501724
1475,25116,501724
1476,25132,501724
1477,25147,501724
1478,25162,501724
1479,25178,501724
1480,25194,501724
1481,25208,501724
1482,25229,501724
1483,25245,501724
1484,25260,501724
1485,25276,501724
1486,25290,501724
1487,25305,501724
1488,25319,501724
1489,25335,501724
1490,25349,501724
1491,25365,501724
1492,25380,501724
1493,25394,501724
1494,25410,501724
1495,25426,501724
1496,25441,501724
1497,25456,501724
1498,25475,501724
1499,25498,501724
1500,25513,501724
1501,25531,501724
1502,25550,501724
1503,25565,501763
1504,25583,502092
1505,25599,502092
1506,25615,502092
1507,25639,502092
1508,25655,502092
1509,25670,502092
1510,25685,502092
1511,25702,502092
1512,25718,502092
1513,25741,502092
1514,25754,502092
1515,25769,502092
1516,25785,502092
1517,25801,502092
1518,25816,502092
1519,25833,502092
1520,25847,502092
1521,25867,502092
1522,25883,502092
1523,25900,502092
1524,25917,502092
1525,25937,502092
1526,25951,502092
1527,25968,502092
1528,25983,502092
1529,25997,502092
1530,26013,502092
1531,26027,502092
1532,26044,502092
1533,26060,502092
1534,26078,502092
1535,26095,502092
1536,26112,502092
1537,26128,502092
1538,26148,502092
1539,26163,502092
1540,26182,502092
1541,26198,502092
1542,26215,502092
1543,26232,502092
1544,26249,502092
1545,26264,502092
1546,26279,502092
1547,26294,502092
1548,26307,502092
1549,26322,502092
1550,26340,502092
1551,26353,502092
1552,26367,502092
1553,26382,502092
1554,26399,502092
1555,26413,502092
1556,26428,502092
1557,26443,502092
1558,26459,502092
1559,26473,502092
1560,26490,502092
1561,26505,502092
1562,26521,502092
1563,26537,502092
1564,26551,502092
1565,26569,502872
1566,26588,502872
1567,26613,502872
1568,26635,502872
1569,26657,502872
1570,26675,502872
1571,26691,502872
1572,26708,502872
1573,26723,502872
1574,26738,502872
1575,26754,502872
1576,26771,502872
1577,26786,502872
1578,26801,502872
1579,26816,502872
1580,26830,502872
1581,26844,502872
1582,26859,502872
1583,26879,502872
1584,26893,502872
1585,26908,502872
1586,26924,502872
1587,26940,502872
1588,26953,502872
1589,26968,502872
1590,26982,502872
1591,26997,502872
1592,27016,502872
1593,27035,502872
1594,27050,502872
1595,27065,502872
1596,27079,502872
1597,27094,502872
1598,27108,502872
1599,27124,502872
1600,27139,502872
1601,27157,502872
1602,27173,502872
1603,27191,502872
1604,27207,502872
1605,27227,502872
1606,27245,502872
1607,27262,502872
1608,27275,502872
1609,27291,502872
1610,27307,502872
1611,27321,502872
1612,27337,502872
1613,27353,502872
1614,27366,502872
1615,27388,502872
1616,27402,502872
1617,27417,502872
1618,27432,502872
1619,27452,502872
1620,27468,502872
1621,27482,502872
1622,27496,502872
1623,27511,502872
1624,27525,502872
1625,27541,502872
1626,27556,502872
1627,27572,502872
1628,27587,502872
1629,27608,502872
1630,27624,502872
1631,27638,502872
1632,27653,502872
1633,27671,502872
1634,27687,502872
1635,27701,502872
1636,27724,502872
1637,27743,502872
1638,27768,502872
1639,27794,502872
1640,27825,502872
1641,27841,502872
1642,27858,502872
1643,27875,502872
1644,27891,502872
1645,27906,504345
1646,27922,504345
1647,27935,504345
1648,27958,504345
1649,27973,504345
1650,27987,504345
1651,28004,504345
1652,28021,504345
1653,28040,504345
1654,28059,504345
1655,28075,504345
1656,28088,504345
1657,28104,504345
1658,28121,504345
1659,28135,504345
1660,28151,504345
1661,28169,504345
1662,28183,504345
1663,28199,504345
1664,28215,504345
1665,28237,504345
1666,28253,504345
1667,28270,504345
1668,28294,504345
1669,28314,504345
1670,28338,504345
1671,28364,504345
1672,28381,504345
1673,28400,504345
1674,28415,504345
1675,28431,504345
1676,28449,504345
1677,28464,504345
1678,28483,504345
1679,28499,504345
1680,28519,504345
1681,28535,504345
1682,28548,504345
1683,28564,504345
1684,28581,504345
1685,28594,504345
1686,28610,504345
1687,28625,504345
1688,28640,504345
1689,28655,504345
1690,28671,504345
1691,28687,504345
1692,28702,504345
1693,28719,504345
1694,28732,504345
1695,28746,504345
1696,28762,504345
1697,28776,504345
1698,28792,504345
1699,28806,504345
1700,28823,504345
1701,28843,504345
1702,28859,504345
1703,28873,504345
1704,28890,504345
1705,28908,504345
1706,28924,504345
1707,28944,504345
1708,28959,504345
1709,28976,504345
1710,28991,504345
1711,29007,504345
1712,29023,504345
1713,29043,504345
1714,29061,504345
1715,29079,504345
1716,29093,504345
1717,29108,504345
1718,29123,504345
1719,29138,504345
1720,29154,504345
1721,29167,504345
1722,29184,504345
1723,29200,504345
1724,29216,504345
1725,29232,504345
1726,29247,504345
1727,29270,504345
1728,29286,504345
1729,29306,504345
1730,29322,504345
1731,29342,504345
1732,29356,504345
1733,29372,504345
1734,29389,504345
1735,29403,504345
1736,29417,504345
1737,29440,504345
1738,29454,504345
1739,29468,504345
1740,29487,504345
1741,29503,504345
1742,29521,504345
1743,29540,504345
1744,29555,504345
1745,29570,504345
1746,29584,504345
1747,29599,504345
1748,29614,504345
1749,29629,504345
1750,29645,504345
1751,29664,504345
1752,29679,504345
1753,29694,504345
1754,29710,504345
1755,29725,504345
1756,29744,504345
1757,29767,504345
1758,29786,504345
1759,29800,504345
1760,29819,504345
1761,29835,504345
1762,29849,504345
1763,29866,504345
1764,29890,504345
1765,29903,504345
1766,29919,504345
1767,29934,504345
1768,29949,504345
1769,29964,504345
1770,29983,504345
1771,30005,504345
1772,30030,504345
1773,30050,504345
1774,30070,504345
1775,30096,504345
1776,30125,504345
1777,30143,504345
1778,30161,504345
1779,30177,504345
1780,30192,504345
1781,30210,504345
1782,30224,504345
1783,30239,504345
1784,30255,504345
1785,30270,504345
1786,30291,504345
1787,30308,504345
1788,30327,504345
1789,30342,504345
1790,30357,504345
1791,30372,504345
1792,30386,504345
1793,30402,504345
1794,30418,504345
1795,30434,504345
1796,30453,504345
1797,30468,504345
1798,30484,504345
1799,30498,504345
1800,30515,504345
1801,30529,504345
1802,30543,504345
1803,30560,504345
1804,30585,504345
1805,30600,504345
1806,30617,504345
1807,30633,505342
1808,30649,505342
1809,30670,505342
1810,30686,505342
1811,30702,505342
1812,30719,505342
1813,30738,505342
1814,30751,505342
1815,30767,505342
1816,30783,505342
1817,30797,505342
1818,30812,505342
1819,30826,505342
1820,30842,505342
1821,30857,505342
1822,30871,505342
1823,30887,505342
1824,30902,505342
1825,30916,505342
1826,30932,505342
1827,30951,505342
1828,30965,505342
1829,30982,505342
1830,30996,505342
1831,31011,505342
1832,31026,505342
1833,31050,505342
1834,31064,505342
1835,31080,505342
1836,31095,505342
1837,31111,505342
1838,31126,505342
1839,31142,505342
1840,31157,505342
1841,31173,505342
1842,31195,505342
1843,31215,505342
1844,31231,505342
1845,31246,505342
1846,31262,505342
1847,31282,505342
1848,31303,505342
1849,31323,505342
1850,31337,505342
1851,31352,505342
1852,31369,505342
1853,31384,505342
1854,31399,505342
1855,31415,505342
1856,31429,505342
1857,31445,505342
1858,31461,505342
1859,31476,505342
1860,31491,505342
1861,31508,505342
1862,31523,505342
1863,31538,505342
1864,31554,505342
1865,31568,505342
1866,31583,505342
1867,31599,505342
1868,31614,505342
1869,31629,505342
1870,31650,505342
1871,31665,505342
1872,31680,505342
1873,31696,505342
1874,31714,505342
1875,31737,505342
1876,31751,505342
1877,31768,505342
1878,31784,505342
1879,31800,505342
1880,31816,505342
1881,31833,505342
1882,31848,505342
1883,31862,505342
1884,31878,505342
1885,31891,505342
1886,31908,505342
1887,31924,505342
1888,31939,505342
1889,31953,505342
1890,31974,505342
1891,31988,505342
1892,32003,505342
1893,32020,505342
1894,32033,505342
1895,32049,505342
1896,32070,505342
1897,32085,505342
1898,32104,505342
1899,32120,505342
1900,32145,505342
1901,32160,505342
1902,32178,505342
1903,32195,505342
1904,32219,505342
1905,32247,505342
1906,32266,505342
1907,32288,505342
1908,32305,505342
1909,32325,505342
1910,32343,505342
1911,32369,505342
1912,32386,505342
1913,32401,505342
1914,32416,505342
1915,32432,505342
1916,32448,505342
1917,32463,505342
1918,32479,505342
1919,32495,505342
1920,32510,505342
1921,32526,505342
1922,32540,505342
1923,32555,505342
1924,32572,505342
1925,32589,505342
1926,32605,505342
1927,32624,505342
1928,32640,505342
1929,32655,505342
1930,32669,505342
1931,32684,505342
1932,32699,505342
1933,32715,505342
1934,32729,505437
1935,32747,505437
1936,32769,505437
1937,32785,505437
1938,32799,505437
1939,32815,505437
1940,32829,505437
1941,32848,505437
1942,32866,505437
1943,32882,505437
1944,32904,506471
1945,32923,506471
1946,32940,506471
1947,32955,506471
1948,32971,506471
1949,32986,506471
1950,33001,506471
1951,33015,506471
1952,33033,506471
1953,33048,506471
1954,33062,506471
1955,33083,506471
1956,33096,506471
1957,33120,506471
1958,33134,506471
1959,33149,506471
1960,33165,506471
1961,33179,506471
1962,33194,506471
1963,33208,506471
1964,33223,506471
1965,33236,506471
1966,33253,506471
1967,33266,506471
1968,33282,506471
1969,33297,506471
1970,33313,506471
1971,33329,506471
1972,33344,506471
1973,33360,506471
1974,33374,506471
1975,33388,507513
1976,33404,507513
1977,33418,507513
1978,33442,507513
1979,33458,507513
1980,33479,507513
1981,33500,507513
1982,33517,507513
1983,33536,507513
1984,33553,507513
1985,33569,507513
1986,33588,507513
1987,33607,507513
1988,33624,507513
1989,33640,507513
1990,33657,507513
1991,33673,507513
1992,33691,507513
1993,33706,507513
1994,33724,507513
1995,33746,507513
1996,33769,507513
1997,33784,507513
1998,33800,507513
1999,33815,507513
2000,33831,507513
2001,33854,507513
2002,33869,507513
2003,33883,507513
2004,33897,507513
2005,33914,507513
2006,33927,507513
2007,33947,507513
2008,33962,507513
2009,33977,507513
2010,34000,507513
2011,34016,507513
2012,34032,507513
2013,34048,507513
2014,34068,507513
2015,34085,507513
2016,34106,507513
2017,34122,507513
2018,34136,507513
2019,34154,507513
2020,34169,507513
2021,34185,507513
2022,34200,507513
2023,34223,507513
2024,34236,507513
2025,34253,507513
2026,34276,507513
2027,34291,507513
2028,34305,507513
2029,34320,507513
2030,34337,507513
2031,34354,507513
2032,34369,507513
2033,34387,507513
2034,34400,507513
2035,34422,507513
2036,34442,507513
2037,34459,507513
2038,34479,507513
2039,34494,507513
2040,34510,507513
2041,34525,507513
2042,34540,507513
2043,34559,507513
2044,34574,507513
2045,34589,507513
2046,34609,507513
2047,34626,507513
2048,34644,507513
2049,34665,507513
2050,34680,507513
2051,34697,507513
2052,34713,507513
2053,34727,507513
2054,34743,507513
2055,34759,507513
2056,34774,507513
2057,34788,507513
2058,34804,507513
2059,34820,507513
2060,34839,507513
2061,34863,507513
2062,34885,507513
2063,34905,507513
2064,34919,507513
2065,34935,507513
2066,34957,507513
2067,34974,507513
2068,34988,507513
2069,35002,507513
2070,35017,507513
2071,35032,507513
2072,35057,507513
2073,35071,507513
2074,35086,507513
2075,35102,507513
2076,35117,507513
2077,35140,507513
2078,35157,507513
2079,35173,507513
2080,35194,507513
2081,35210,507513
2082,35231,507513
2083,35250,507513
2084,35267,507513
2085,35282,507513
2086,35296,507513
2087,35312,507513
2088,35328,507513
2089,35343,507513
2090,35357,507513
2091,35376,507513
2092,35392,507513
2093,35408,507513
2094,35422,507513
2095,35441,507513
2096,35457,507513
2097,35471,507513
2098,35488,507513
2099,35503,507513
2100,35519,507513
2101,35533,507513
2102,35548,507513
2103,35565,507513
2104,35581,507513
2105,35596,507513
2106,35612,507513
2107,35626,507513
2108,35644,507513
2109,35659,507513
2110,35675,507513
2111,35691,507513
2112,35708,507513
2113,35727,507513
2114,35746,507513
2115,35761,507513
2116,35778,507513
2117,35797,507513
2118,35812,507513
2119,35834,507513
2120,35849,507513
2121,35864,507513
2122,35879,507513
2123,35894,507513
2124,35911,507513
2125,35925,507513
2126,35941,507513
2127,35957,507513
2128,35970,507513
2129,35985,507515
2130,36000,507515
2131,36027,507515
2132,36042,507515
2133,36057,507515
2134,36073,507515
2135,36093,507621
2136,36113,507621
2137,36132,507621
2138,36147,507621
2139,36164,507621
2140,36179,507621
2141,36194,507621
2142,36210,507621
2143,36224,507621
2144,36242,507621
2145,36258,507621
2146,36273,507621
2147,36289,507621
2148,36308,507621
2149,36329,507621
2150,36348,507621
2151,36364,507621
2152,36381,507621
2153,36398,507621
2154,36415,507621
2155,36432,507621
2156,36449,507621
2157,36473,507621
2158,36489,507621
2159,36503,507621
2160,36518,507621
2161,36536,507621
2162,36550,507621
2163,36566,507621
2164,36583,507621
2165,36598,507621
2166,36614,507621
2167,36628,507621
2168,36644,507621
2169,36659,507621
2170,36675,507621
2171,36692,507621
2172,36707,507621
2173,36723,507621
2174,36737,507621
2175,36752,507621
2176,36772,507621
2177,36787,507621
2178,36800,507621
2179,36815,507621
2180,36831,507621
2181,36845,507621
2182,36867,507621
2183,36890,507621
2184,36910,507621
2185,36926,507621
2186,36942,507621
2187,36962,507621
2188,36977,507621
2189,36995,507621
2190,37011,507621
2191,37028,507621
2192,37045,507621
2193,37060,507621
2194,37083,507621
2195,37099,507621
2196,37114,507621
2197,37129,507621
2198,37145,507621
2199,37161,507621
2200,37176,507621
2201,37193,507621
2202,37210,507621
2203,37226,507621
2204,37242,507621
2205,37261,507621
2206,37276,507621
2207,37290,507621
2208,37305,507621
2209,37320,507621
2210,37335,507621
2211,37351,507621
2212,37364,507621
2213,37381,507621
2214,37397,507621
2215,37411,507621
2216,37427,507621
2217,37446,507621
2218,37462,507621
2219,37478,507621
2220,37493,507621
2221,37513,507621
2222,37536,507621
2223,37550,507621
2224,37567,507621
2225,37584,507621
2226,37599,507621
2227,37615,507621
2228,37631,507621
2229,37648,507621
2230,37663,507621
2231,37678,507621
2232,37698,507621
2233,37714,507621
2234,37727,507621
2235,37750,507621
2236,37764,507621
2237,37779,508187
2238,37794,508187
2239,37809,508187
2240,37827,508187
2241,37847,508187
2242,37863,508187
2243,37876,508187
2244,37893,508187
2245,37907,508187
2246,37922,508187
2247,37938,508187
2248,37953,508187
2249,37968,508187
2250,37981,508187
2251,37996,508187
2252,38017,508187
2253,38033,508187
2254,38049,508187
2255,38065,508187
2256,38089,508187
2257,38106,508187
2258,38121,508187
2259,38152,508187
2260,38181,508187
2261,38202,508187
2262,38217,508187
2263,38235,508187
2264,38250,508187
2265,38275,508187
2266,38290,508187
2267,38305,508187
2268,38320,508187
2269,38337,508187
2270,38352,508187
2271,38367,508187
2272,38382,508187
2273,38397,508187
2274,38414,508187
2275,38427,508187
2276,38443,508187
2277,38458,508187
2278,38473,508187
2279,38490,508187
2280,38513,508187
2281,38527,508187
2282,38540,508187
2283,38557,508187
2284,38572,508187
2285,38587,508187
2286,38603,508187
2287,38628,508187
2288,38648,508187
2289,38664,508187
2290,38682,508187
2291,38704,508187
2292,38721,508187
2293,38739,508187
2294,38755,508187
2295,38771,508187
2296,38787,508187
2297,38803,508187
2298,38821,508187
2299,38836,508187
2300,38850,508187
2301,38866,508187
2302,38881,508187
2303,38894,508187
2304,38910,508187
2305,38928,508187
2306,38942,508187
2307,38957,508187
2308,38971,508187
2309,38985,508187
2310,39001,508187
2311,39017,508187
2312,39030,508187
2313,39049,508187
2314,39068,508187
2315,39082,508187
2316,39098,508187
2317,39113,508187
2318,39128,508187
2319,39144,508187
2320,39160,508187
2321,39176,508187
2322,39194,508187
2323,39209,508187
2324,39227,508187
2325,39242,508187
2326,39262,508187
2327,39280,508187
2328,39296,508187
2329,39313,508187
2330,39329,508187
2331,39344,508187
2332,39360,508187
2333,39376,508187
2334,39391,508187
2335,39409,508187
2336,39424,508187
2337,39440,508187
2338,39456,508187
2339,39470,508187
2340,39486,508187
2341,39500,508187
2342,39515,508187
2343,39531,508187
2344,39549,508187
2345,39564,508187
2346,39579,508187
2347,39594,508187
2348,39610,508187
2349,39624,508187
2350,39645,508187
2351,39661,508187
2352,39675,508187
2353,39695,508187
2354,39709,508187
2355,39729,508187
2356,39749,508187
2357,39765,508187
2358,39787,508187
2359,39805,508187
2360,39821,508187
2361,39839,508187
2362,39855,508187
2363,39870,508187
2364,39888,508187
2365,39906,508187
2366,39920,508187
2367,39936,508187
2368,39952,508187
2369,39966,508187
2370,39980,508187
2371,40001,508187
2372,40017,508187
2373,40031,508187
2374,40045,508187
2375,40059,508187
2376,40075,508187
2377,40088,508187
2378,40103,508187
2379,40118,508187
2380,40133,508187
2381,40148,508187
2382,40166,508187
2383,40182,508187
2384,40200,508187
2385,40221,508187
2386,40240,508187
2387,40255,508187
2388,40269,508187
2389,40288,508187
2390,40307,508187
2391,40321,508187
2392,40337,508187
2393,40351,508187
2394,40367,508187
2395,40383,508187
2396,40400,508187
2397,40422,508187
2398,40438,508187
2399,40454,508187
2400,40477,508187
2401,40496,508187
2402,40511,508187
2403,40528,508187
2404,40543,508187
2405,40558,508187
2406,40574,508187
2407,40591,508187
2408,40607,508187
2409,40629,508187
2410,40643,508187
2411,40661,508187
2412,40676,508187
2413,40692,508187
2414,40708,508187
2415,40724,508187
2416,40738,508187
2417,40753,508187
2418,40766,508187
2419,40785,508187
2420,40812,508187
2421,40832,508187
2422,40854,508187
2423,40868,508187
2424,40883,509173
2425,40899,509173
2426,40921,509173
2427,40936,509173
2428,40962,509173
2429,40984,509173
2430,41002,509173
2431,41021,509173
2432,41041,509173
2433,41058,509173
2434,41074,509173
2435,41091,509173
2436,41111,509173
2437,41126,509173
2438,41142,509173
2439,41156,509173
2440,41173,509173
2441,41190,509173
2442,41204,509173
2443,41224,509173
2444,41241,509173
2445,41256,509173
2446,41275,509173
2447,41297,509173
2448,41312,509173
2449,41330,509173
2450,41345,509173
2451,41360,509173
2452,41376,509173
2453,41390,509173
2454,41410,509173
2455,41425,509173
2456,41439,509173
2457,41457,509173
2458,41472,509173
2459,41488,509173
2460,41502,509173
2461,41517,509173
2462,41532,509173
2463,41549,509173
2464,41566,509173
2465,41581,509173
2466,41598,509173
2467,41619,509173
2468,41638,509173
2469,41656,509173
2470,41672,509173
2471,41689,509173
2472,41705,509173
2473,41725,509173
2474,41740,509173
2475,41755,509173
2476,41770,509173
2477,41785,509173
2478,41798,509173
2479,41814,509173
2480,41828,509173
2481,41842,509173
2482,41860,509173
2483,41876,509173
2484,41890,509173
2485,41904,509173
2486,41918,509173
2487,41932,509173
2488,41948,509173
2489,41962,509173
2490,41979,509173
2491,41996,509173
2492,42011,509173
2493,42026,509173
2494,42041,509173
2495,42056,509173
2496,42074,509173
2497,42088,509173
2498,42103,509173
2499,42123,509173
2500,42144,509173
2501,42160,509173
2502,42179,509173
2503,42194,509173
2504,42212,509173
2505,42235,509173
2506,42250,509173
2507,42268,509173
2508,42282,509173
2509,42303,509173
2510,42316,509173
2511,42337,509173
2512,42353,509173
2513,42368,509173
2514,42382,509173
2515,42397,509173
2516,42412,509173
2517,42427,509173
2518,42440,509173
2519,42455,509173
2520,42478,509173
2521,42491,509173
2522,42507,509173
2523,42525,509173
2524,42540,509173
2525,42561,509173
2526,42578,509173
2527,42590,509173
2528,42605,509173
2529,42620,509173
2530,42634,509173
2531,42651,509173
2532,42666,509173
2533,42682,509173
2534,42698,509173
2535,42720,509173
2536,42742,509173
2537,42766,509173
2538,42786,509173
2539,42810,509173
2540,42829,509173
2541,42854,509173
2542,42868,509173
2543,42888,509173
2544,42904,509173
2545,42921,509173
2546,42937,509173
2547,42952,509173
2548,42965,509173
2549,42981,509173
2550,42995,509173
2551,43013,509173
2552,43038,509173
2553,43058,509173
2554,43077,509173
2555,43094,509173
2556,43107,509173
2557,43124,509173
2558,43138,509173
2559,43154,509173
2560,43170,509173
2561,43185,509173
2562,43209,509173
2563,43228,509173
2564,43245,509173
2565,43261,509173
2566,43276,509173
2567,43294,509173
2568,43309,509173
2569,43325,509173
2570,43349,509173
2571,43363,509173
2572,43379,509173
2573,43397,509173
2574,43413,509173
2575,43428,509173
2576,43444,509173
2577,43463,509173
2578,43479,509173
2579,43494,509173
2580,43509,509173
2581,43525,509173
2582,43545,509173
2583,43559,509173
2584,43573,509173
2585,43589,509173
2586,43605,509173
2587,43619,509173
2588,43633,509173
2589,43654,509173
2590,43669,509173
2591,43684,509173
2592,43703,509173
2593,43718,509173
2594,43734,509173
2595,43748,509173
2596,43765,509173
2597,43779,509173
2598,43795,509173
2599,43809,509173
2600,43833,509173
2601,43850,509173
2602,43864,509173
2603,43879,509173
2604,43894,509173
2605,43909,509173
2606,43924,509173
2607,43943,509173
2608,43965,509173
2609,43981,509173
2610,43999,509173
2611,44018,509173
2612,44034,509173
2613,44050,509173
2614,44066,509173
2615,44082,509173
2616,44098,509173
2617,44118,509173
2618,44132,509173
2619,44147,509173
2620,44163,509173
2621,44179,509173
2622,44194,509173
2623,44209,509173
2624,44223,509173
2625,44239,509173
2626,44257,509173
2627,44277,509173
2628,44293,509173
2629,44308,509173
2630,44324,509173
2631,44338,509173
2632,44352,509173
2633,44368,509173
2634,44390,509173
2635,44404,509173
2636,44421,509173
2637,44436,509173
2638,44452,509173
2639,44468,509173
2640,44485,509173
2641,44507,509173
2642,44523,509173
2643,44551,509173
2644,44565,509173
2645,44582,509173
2646,44602,509173
2647,44616,509173
2648,44633,509173
2649,44648,509173
2650,44662,509173
2651,44677,509173
2652,44692,509173
2653,44708,509173
2654,44722,509173
2655,44738,509173
2656,44752,509173
2657,44766,509173
2658,44781,509173
2659,44796,509173
2660,44810,509173
2661,44827,509173
2662,44840,509173
2663,44855,509173
2664,44870,509173
2665,44888,509173
2666,44903,509173
2667,44916,509173
2668,44931,509173
2669,44945,509173
2670,44960,509173
2671,44976,509173
2672,44990,509173
2673,45007,509173
2674,45029,509173
2675,45050,509173
2676,45077,509173
2677,45100,509173
2678,45125,509173
2679,45142,509173
2680,45159,509173
2681,45180,509173
2682,45194,509173
2683,45210,509173
2684,45228,509173
2685,45240,509173
2686,45257,509173
2687,45273,509173
2688,45288,509173
2689,45304,509173
2690,45320,509173
2691,45336,509173
2692,45352,509173
2693,45367,509173
2694,45382,509173
2695,45398,509173
2696,45413,509173
2697,45428,509173
2698,45444,509173
2699,45458,509173
2700,45479,509173
2701,45497,509173
2702,45513,509173
2703,45534,509173
2704,45557,509173
2705,45575,509173
2706,45591,509173
2707,45606,509173
2708,45622,509173
2709,45638,509173
2710,45656,509173
2711,45672,509173
2712,45695,509173
2713,45713,509173
2714,45730,509173
2715,45750,509173
2716,45767,509173
2717,45784,509173
2718,45801,509173
2719,45819,509173
2720,45836,509173
2721,45857,509173
2722,45871,509173
2723,45887,509173
2724,45904,509173
2725,45921,509173
2726,45936,509173
2727,45952,509173
2728,45967,509173
2729,45989,509173
2730,46002,509173
2731,46026,509173
2732,46043,509173
2733,46059,509173
2734,46079,509173
2735,46094,509173
2736,46108,509189
2737,46126,509189
2738,46140,509189
2739,46157,509189
2740,46173,509189
2741,46187,509189
2742,46212,509189
2743,46228,509189
2744,46253,509189
2745,46279,509189
2746,46296,509189
2747,46319,509189
2748,46337,509189
2749,46364,509189
2750,46379,509189
2751,46402,509189
2752,46418,509189
2753,46434,509189
2754,46453,509189
2755,46466,509189
2756,46482,509189
2757,46497,509189
2758,46513,509189
2759,46527,509189
2760,46541,509189
2761,46557,509189
2762,46572,509189
2763,46592,509189
2764,46607,509189
2765,46623,509189
2766,46638,509189
2767,46658,509189
2768,46674,509189
2769,46688,509189
2770,46704,509189
2771,46717,509189
2772,46733,509189
2773,46746,509189
2774,46761,509189
2775,46774,509189
2776,46790,509189
2777,46806,509189
2778,46820,509189
2779,46835,509189
2780,46855,509189
2781,46871,509189
2782,46887,509189
2783,46910,509189
2784,46938,509189
2785,46955,509189
2786,46970,509189
2787,46991,509189
2788,47008,509189
2789,47022,509189
2790,47037,509189
2791,47054,509189
2792,47069,509189
2793,47084,509189
2794,47103,509189
2795,47123,509189
2796,47137,509189
2797,47153,509189
2798,47167,509189
2799,47183,509189
2800,47197,509189
2801,47212,509189
2802,47227,509189
2803,47243,509189
2804,47256,509189
2805,47271,509189
2806,47285,509189
2807,47306,509189
2808,47319,509189
2809,47334,509189
2810,47353,509189
2811,47366,509189
2812,47379,509189
2813,47395,509189
2814,47408,509189
2815,47423,509189
2816,47438,509189
2817,47456,509189
2818,47479,509189
2819,47505,509189
2820,47528,509189
2821,47550,509189
2822,47571,509189
2823,47586,509189
2824,47600,509189
2825,47623,509189
2826,47637,509189
2827,47655,509189
2828,47670,509189
2829,47685,509189
2830,47700,509189
2831,47714,509189
2832,47730,509189
2833,47744,509189
2834,47758,509189
2835,47773,509189
2836,47787,509189
2837,47802,509189
2838,47817,509189
2839,47831,509189
2840,47846,509189
2841,47869,509189
2842,47882,509189
2843,47900,509189
2844,47914,509189
2845,47927,509189
2846,47942,509189
2847,47958,509189
2848,47973,509189
2849,47992,509189
2850,48006,509189
2851,48021,509189
2852,48037,509189
2853,48053,509189
2854,48072,509189
2855,48087,509189
2856,48104,509189
2857,48117,509189
2858,48134,509189
2859,48150,509189
2860,48169,509189
2861,48185,509189
2862,48205,509189
2863,48231,509189
2864,48256,509189
2865,48278,509189
2866,48293,509189
2867,48308,509189
2868,48324,509189
2869,48344,509189
2870,48358,509189
2871,48372,509189
2872,48386,509189
2873,48401,509189
2874,48417,509189
2875,48442,509189
2876,48458,509189
2877,48473,509189
2878,48488,509189
2879,48503,509189
2880,48518,509189
2881,48533,509189
2882,48552,509189
2883,48568,509189
2884,48584,509189
2885,48600,509189
2886,48616,509189
2887,48630,509189
2888,48648,509189
2889,48669,509189
2890,48691,509189
2891,48707,509189
2892,48723,509189
2893,48739,509189
2894,48756,509189
2895,48776,509189
2896,48792,509189
2897,48812,509189
2898,48828,509189
2899,48845,509189
2900,48864,509189
2901,48878,509189
2902,48894,509189
2903,48910,509189
2904,48925,509189
2905,48941,509189
2906,48955,509189
2907,48979,509189
2908,48994,509189
2909,49007,509189
2910,49023,509189
2911,49037,509189
2912,49054,509189
2913,49068,509189
2914,49084,509189
2915,49100,509189
2916,49114,509189
2917,49130,509189
2918,49144,509189
2919,49162,509189
2920,49177,509189
2921,49193,509189
2922,49219,509189
2923,49233,509189
2924,49257,509189
2925,49277,509189
2926,49303,509189
2927,49317,509189
2928,49340,509189
2929,49355,509189
2930,49372,509189
2931,49388,509189
2932,49405,509189
2933,49421,509189
2934,49438,509189
2935,49453,509189
2936,49468,509189
2937,49485,509210
2938,49501,509210
2939,49520,509210
2940,49534,509210
2941,49548,509210
2942,49568,509210
2943,49583,509210
2944,49604,509210
2945,49618,509210
2946,49634,509210
2947,49653,509210
2948,49676,509210
2949,49691,509210
2950,49709,509210
2951,49723,509210
2952,49739,509210
2953,49751,509210
2954,49767,509210
2955,49781,509210
2956,49796,509210
2957,49812,509210
2958,49827,509210
2959,49841,509210
2960,49859,509210
2961,49873,509210
2962,49888,509210
2963,49903,509210
2964,49921,509210
2965,49937,509210
2966,49954,509210
2967,49971,509210
2968,49988,509210
2969,50002,509210
2970,50018,509210
2971,50032,509210
2972,50047,509210
2973,50069,509210
2974,50084,509210
2975,50097,509210
2976,50112,509210
2977,50126,509210
2978,50145,509210
2979,50160,509566
2980,50180,509566
2981,50198,509566
2982,50215,509566
2983,50233,509566
2984,50250,509566
2985,50268,509566
2986,50290,509566
2987,50304,509566
2988,50324,509566
2989,50341,509566
2990,50355,509566
2991,50378,509566
2992,50394,509566
2993,50408,509566
2994,50425,509566
2995,50440,509566
2996,50456,509566
2997,50473,509566
2998,50488,509566
2999,50510,509566
3000,50535,509566
3001,50554,509566
3002,50571,509566
3003,50587,509566
3004,50603,509566
3005,50615,509566
3006,50634,509566
3007,50652,509566
3008,50666,509566
3009,50682,509566
3010,50697,509566
3011,50711,509566
3012,50726,509566
3013,50740,509566
3014,50757,509566
3015,50772,509566
3016,50786,509566
3017,50800,509566
3018,50815,509566
3019,50831,509566
3020,50844,509566
3021,50870,509566
3022,50882,509566
3023,50898,509566
3024,50912,509566
3025,50927,509566
3026,50942,509566
3027,50964,509566
3028,50978,509566
3029,50992,509566
3030,51007,509566
3031,51021,509566
3032,51037,509566
3033,51057,509566
3034,51075,509566
3035,51092,509566
3036,51105,509566
3037,51129,509566
3038,51146,509566
3039,51161,509566
3040,51177,509566
3041,51193,509566
3042,51208,509566
3043,51224,509566
3044,51240,509566
3045,51256,509566
3046,51271,509566
3047,51287,509566
3048,51303,509566
3049,51319,509566
3050,51333,509566
3051,51349,509566
3052,51365,509566
3053,51381,509566
3054,51396,509566
3055,51412,509566
3056,51427,509566
3057,51443,509566
3058,51458,509566
3059,51474,509566
3060,51490,509566
3061,51511,509566
3062,51526,509566
3063,51544,509566
3064,51558,509566
3065,51573,509566
3066,51592,509566
3067,51618,509566
3068,51647,509566
3069,51668,509566
3070,51694,509566
3071,51711,509566
3072,51727,509566
3073,51744,509566
3074,51762,509566
3075,51778,509566
3076,51798,509566
3077,51816,509566
3078,51831,509566
3079,51846,509566
3080,51861,509566
3081,51876,509566
3082,51896,509566
3083,51911,509566
3084,51926,509566
3085,51941,509566
3086,51959,509566
3087,51976,509566
3088,51990,509566
3089,52005,509566
3090,52019,509566
3091,52034,509566
3092,52049,509566
3093,52064,509566
3094,52079,509566
3095,52095,509566
3096,52109,509566
3097,52125,509566
3098,52140,509566
3099,52159,509566
3100,52175,509566
3101,52189,509566
3102,52204,509566
3103,52218,509566
3104,52233,509566
3105,52255,509566
3106,52277,509566
3107,52293,509566
3108,52312,509566
3109,52328,509566
3110,52350,509566
3111,52374,509566
3112,52390,509566
3113,52404,509566
3114,52422,509566
3115,52437,509566
3116,52461,509566
3117,52475,509566
3118,52491,509566
3119,52504,509566
3120,52520,509566
3121,52536,509566
3122,52550,509566
3123,52567,509566
3124,52583,509566
3125,52599,509566
3126,52614,509566
3127,52629,509566
3128,52645,509566
3129,52660,509566
3130,52675,509566
3131,52691,509566
3132,52707,509566
3133,52722,509566
3134,52736,509566
3135,52752,509566
3136,52767,509566
3137,52781,509566
3138,52796,509566
3139,52810,509566
3140,52830,509566
3141,52847,509566
3142,52869,509566
3143,52884,509566
3144,52899,509566
3145,52918,509566
3146,52938,509566
3147,52957,509566
3148,52974,509566
3149,52990,509566
3150,53005,509566
3151,53021,509566
3152,53036,509566
3153,53051,509566
3154,53063,509566
3155,53080,509566
3156,53094,509566
3157,53108,509566
3158,53123,509566
3159,53137,509566
3160,53152,509566
3161,53168,509566
3162,53183,509566
3163,53199,509566
3164,53215,509566
3165,53230,509566
3166,53244,509566
3167,53260,509566
3168,53275,509566
3169,53301,509566
3170,53315,509566
3171,53330,509566
3172,53344,509566
3173,53359,509566
3174,53375,509566
3175,53392,509566
3176,53407,509566
3177,53422,509566
3178,53438,509566
3179,53458,509566
3180,53474,509566
3181,53492,509566
3182,53509,509566
3183,53527,509566
3184,53545,509566
3185,53564,509566
3186,53581,509566
3187,53599,509566
3188,53615,509566
3189,53629,509566
3190,53646,509566
3191,53661,509566
3192,53676,509566
3193,53691,509566
3194,53714,509566
3195,53727,509566
3196,53741,509566
3197,53756,509566
3198,53771,509566
3199,53786,509566
3200,53805,509566
3201,53821,509566
3202,53835,509566
3203,53850,509566
3204,53868,509566
3205,53883,509566
3206,53898,509566
3207,53914,509566
3208,53930,509566
3209,53946,509566
3210,53960,509566
3211,53975,509566
3212,53990,509566
3213,54006,509566
3214,54022,509566
3215,54038,509566
3216,54062,509566
3217,54078,509566
3218,54102,509566
3219,54124,509566
3220,54141,509566
3221,54161,509566
3222,54176,509566
3223,54191,509566
3224,54214,509566
3225,54272,509566
3226,54304,509566
3227,54342,509566
3228,54388,509566
3229,54403,509566
3230,54417,509566
3231,54432,509566
3232,54446,509566
3233,54462,509566
3234,54478,509566
3235,54497,509566
3236,54512,509566
3237,54526,509566
3238,54540,509566
3239,54554,509566
3240,54570,510120
3241,54590,510120
3242,54602,510120
3243,54616,510120
3244,54634,510120
3245,54649,510120
3246,54667,510120
3247,54682,510120
3248,54702,510120
3249,54717,510120
3250,54733,510372
3251,54751,510372
3252,54778,510372
3253,54796,510372
3254,54818,510372
3255,54834,510372
3256,54854,510372
3257,54868,510372
3258,54883,510372
3259,54903,510372
3260,54918,510372
3261,54934,510372
3262,54947,510372
3263,54962,510372
3264,54976,510372
3265,54991,510372
3266,55005,510372
3267,55020,510372
3268,55039,510372
3269,55055,510372
3270,55071,510372
3271,55091,510372
3272,55112,510372
3273,55135,510372
3274,55157,510372
3275,55174,510372
3276,55188,510372
3277,55206,510942
3278,55220,510942
3279,55240,510942
3280,55325,510942
3281,55347,510942
3282,55368,510942
3283,55387,510942
3284,55400,510942
3285,55416,510942
3286,55431,510942
3287,55446,510942
3288,55459,510942
3289,55474,510942
3290,55489,510942
3291,55506,510942
3292,55523,510942
3293,55540,510942
3294,55554,510942
3295,55569,510942
3296,55585,510942
3297,55601,510942
3298,55621,510942
3299,55635,510942
3300,55652,510942
3301,55668,510942
3302,55687,510942
3303,55708,510942
3304,55724,510942
3305,55741,510942
3306,55759,511040
3307,55783,511040
3308,55802,511040
3309,55830,511040
3310,55848,511040
3311,55872,511040
3312,55897,511040
3313,55916,511040
3314,55936,511040
3315,55953,511040
3316,55967,511040
3317,55984,511040
3318,56002,511040
3319,56020,511040
3320,56038,511040
3321,56059,511040
3322,56077,511040
3323,56097,511040
3324,56112,511040
3325,56128,511040
3326,56146,511040
3327,56162,511040
3328,56180,511040
3329,56199,511040
3330,56213,511040
3331,56229,511040
3332,56243,511040
3333,56258,511040
3334,56273,511040
3335,56288,511040
3336,56302,511040
3337,56328,511040
3338,56342,511040
3339,56355,511040
3340,56370,511040
3341,56383,511040
3342,56398,511040
3343,56412,511040
3344,56426,511040
3345,56440,511040
3346,56454,511040
3347,56468,511040
3348,56484,511040
3349,56503,511040
3350,56519,511040
3351,56539,511040
3352,56557,511040
3353,56571,511040
3354,56590,511040
3355,56607,511040
3356,56622,511040
3357,56637,511040
3358,56654,511040
3359,56672,511040
3360,56686,511040
3361,56701,511040
3362,56717,511040
3363,56730,511040
3364,56748,511040
3365,56766,511040
3366,56780,511040
3367,56795,511040
3368,56810,511040
3369,56826,511040
3370,56839,511040
3371,56853,511040
3372,56868,511040
3373,56881,511040
3374,56896,511040
3375,56909,511040
3376,56923,511040
3377,56940,511040
3378,56955,511040
3379,56970,511040
3380,56985,511040
3381,57000,511040
3382,57013,511040
3383,57028,511040
3384,57045,511040
3385,57060,511040
3386,57075,511040
3387,57088,511040
3388,57113,511040
3389,57127,511040
3390,57147,511040
3391,57167,511040
3392,57187,511040
3393,57203,511040
3394,57221,511040
3395,57256,511040
3396,57273,511040
3397,57290,511040
3398,57304,511040
3399,57318,511040
3400,57336,511040
3401,57357,511040
3402,57376,511040
3403,57399,511040
3404,57412,511040
3405,57429,511040
3406,57444,511040
3407,57458,511040
3408,57474,511040
3409,57488,511040
3410,57503,511040
3411,57519,511040
3412,57532,511040
3413,57548,511040
3414,57563,511040
3415,57577,511040
3416,57591,511040
3417,57606,511040
3418,57621,511040
3419,57635,511040
3420,57654,511040
3421,57672,511040
3422,57687,511040
3423,57707,511040
3424,57724,511040
3425,57742,511040
3426,57764,511040
3427,57778,511040
3428,57795,511040
3429,57816,511040
3430,57831,511040
3431,57848,511040
3432,57864,511040
3433,57878,511040
3434,57900,511040
3435,57914,511040
3436,57931,511040
3437,57948,511040
3438,57963,511040
3439,57977,511040
3440,57992,511040
3441,58008,511040
3442,58024,511040
3443,58039,511040
3444,58060,511040
3445,58073,511040
3446,58093,511040
3447,58127,511040
3448,58142,511040
3449,58159,511040
3450,58180,511040
3451,58200,511040
3452,58214,511040
3453,58232,511040
3454,58249,511040
3455,58265,511040
3456,58281,511593
3457,58298,511593
3458,58316,511593
3459,58337,511593
3460,58355,511593
3461,58374,511593
3462,58392,511593
3463,58412,511593
3464,58426,511593
3465,58445,511593
3466,58461,511593
3467,58478,511593
3468,58494,511593
3469,58514,511593
3470,58528,511593
3471,58543,511593
3472,58559,511593
3473,58572,511593
3474,58586,511593
