Generation number, Milliseconds from start, Fitness
0,0,435515
1,18,435515
2,39,435515
3,61,435515
4,77,435515
5,91,435515
6,109,435515
7,125,435515
8,145,435515
9,161,435515
10,176,435515
11,201,435515
12,215,435515
13,232,435515
14,247,435515
15,263,435515
16,277,435515
17,291,435515
18,307,435515
19,326,435515
20,341,435515
21,358,435515
22,370,435515
23,385,435515
24,400,435515
25,414,435515
26,429,435763
27,442,435763
28,470,435763
29,483,435763
30,499,435763
31,519,435763
32,541,441176
33,559,441176
34,574,441176
35,590,441176
36,605,441176
37,619,441176
38,636,441176
39,652,441176
40,670,441176
41,684,441176
42,698,441176
43,712,441176
44,726,444351
45,749,444351
46,773,444351
47,788,444351
48,803,444351
49,818,444351
50,834,444351
51,850,444351
52,864,444351
53,879,444351
54,896,444351
55,911,444351
56,925,445038
57,940,445038
58,954,445038
59,968,445038
60,989,445038
61,1012,445038
62,1036,448161
63,1061,448161
64,1086,448161
65,1102,448161
66,1118,448161
67,1135,448161
68,1151,448161
69,1167,448161
70,1180,448161
71,1196,448161
72,1212,448161
73,1227,448161
74,1249,448161
75,1264,451191
76,1279,451191
77,1302,451191
78,1317,451191
79,1332,451191
80,1348,451191
81,1362,451191
82,1377,453111
83,1391,453111
84,1408,453111
85,1422,453111
86,1436,453111
87,1456,453111
88,1470,453111
89,1485,453111
90,1507,453111
91,1522,453111
92,1536,453362
93,1556,453362
94,1582,453362
95,1600,453362
96,1617,453362
97,1632,453362
98,1648,455592
99,1662,455592
100,1678,455592
101,1695,455592
102,1708,455592
103,1723,455592
104,1742,455592
105,1756,455592
106,1771,455592
107,1792,455592
108,1805,455592
109,1820,455592
110,1834,455592
111,1849,455592
112,1864,455592
113,1877,455592
114,1892,455592
115,1906,455592
116,1922,455592
117,1935,455592
118,1950,455592
119,1964,455592
120,1982,455592
121,2000,455592
122,2015,457265
123,2034,457265
124,2048,457265
125,2066,457265
126,2081,468018
127,2099,468018
128,2119,468018
129,2142,468018
130,2170,468018
131,2192,468018
132,2217,468018
133,2241,468018
134,2255,468018
135,2271,468018
136,2288,468018
137,2302,468018
138,2321,468018
139,2336,468018
140,2350,468018
141,2366,468018
142,2389,468018
143,2405,468018
144,2421,468018
145,2436,468018
146,2450,468018
147,2465,468018
148,2482,468018
149,2498,468018
150,2518,471228
151,2539,471228
152,2555,471228
153,2571,471228
154,2585,471228
155,2600,471228
156,2619,471228
157,2636,471228
158,2654,471228
159,2679,471228
160,2695,471228
161,2711,471228
162,2726,471228
163,2739,471228
164,2754,471228
165,2770,471228
166,2784,471228
167,2799,471228
168,2814,471228
169,2828,471228
170,2843,471228
171,2858,471228
172,2873,471228
173,2889,471228
174,2902,471228
175,2917,471228
176,2931,471228
177,2951,471228
178,2966,471228
179,2980,471228
180,2997,471228
181,3015,471243
182,3033,471243
183,3049,471243
184,3066,471243
185,3081,471243
186,3096,471243
187,3112,471243
188,3126,471243
189,3145,471243
190,3166,471243
191,3184,471243
192,3198,471243
193,3216,471243
194,3231,471243
195,3248,471243
196,3262,471243
197,3277,471243
198,3290,471243
199,3305,471243
200,3321,471243
201,3335,471243
202,3357,471243
203,3370,471243
204,3386,471243
205,3401,478399
206,3416,478399
207,3432,478399
208,3458,478399
209,3473,478399
210,3487,478399
211,3504,478399
212,3519,478399
213,3535,478399
214,3552,478399
215,3565,478399
216,3586,478450
217,3601,478450
218,3616,478450
219,3639,478450
220,3654,478450
221,3672,478450
222,3689,478450
223,3705,478450
224,3720,478450
225,3740,478450
226,3755,478450
227,3770,478450
228,3786,478450
229,3802,478450
230,3815,478450
231,3833,478450
232,3848,478450
233,3864,478450
234,3879,478450
235,3893,478450
236,3909,478450
237,3928,478450
238,3943,478450
239,3958,478450
240,3972,478450
241,3988,478450
242,4004,478450
243,4018,478450
244,4035,478450
245,4050,478450
246,4064,478450
247,4079,478450
248,4094,478450
249,4107,478450
250,4121,478450
251,4136,478450
252,4152,478450
253,4166,478450
254,4181,478450
255,4203,478450
256,4223,478450
257,4245,478450
258,4261,478450
259,4278,478450
260,4296,478450
261,4320,478450
262,4335,478450
263,4350,478450
264,4371,478450
265,4388,478450
266,4405,478450
267,4425,478450
268,4441,478450
269,4455,478450
270,4470,478450
271,4485,478450
272,4503,478450
273,4521,478450
274,4537,478450
275,4554,478450
276,4568,478450
277,4585,478450
278,4604,478450
279,4629,478450
280,4654,478450
281,4669,478500
282,4689,478500
283,4706,478500
284,4729,478500
285,4746,478500
286,4764,479533
287,4790,479533
288,4807,479533
289,4823,479533
290,4839,479533
291,4852,481077
292,4871,481077
293,4887,481077
294,4907,481077
295,4921,481077
296,4938,481077
297,4959,481077
298,4974,481077
299,4988,481077
300,5005,481077
301,5026,481077
302,5042,481077
303,5055,481077
304,5070,481077
305,5086,481077
306,5099,481077
307,5115,481077
308,5131,481077
309,5145,483360
310,5160,483360
311,5176,483360
312,5194,483360
313,5210,483360
314,5227,483360
315,5247,483360
316,5264,487402
317,5290,487402
318,5307,487402
319,5331,487402
320,5346,487402
321,5362,487402
322,5377,487402
323,5392,487402
324,5407,487402
325,5422,487402
326,5435,487402
327,5451,487402
328,5465,487402
329,5481,487402
330,5497,487402
331,5514,487402
332,5529,487402
333,5544,487402
334,5558,487402
335,5575,487402
336,5590,487402
337,5605,487402
338,5620,487402
339,5635,487402
340,5651,487402
341,5666,487402
342,5682,487402
343,5697,487402
344,5712,487402
345,5728,487402
346,5746,487402
347,5760,487402
348,5777,487402
349,5802,487402
350,5818,487402
351,5834,487402
352,5856,487402
353,5871,487402
354,5886,487402
355,5901,487402
356,5916,487402
357,5930,487402
358,5946,487402
359,5959,487402
360,5975,487402
361,5989,487402
362,6005,487402
363,6020,487402
364,6034,487402
365,6049,487402
366,6068,487402
367,6082,487402
368,6096,487402
369,6110,487402
370,6126,487402
371,6141,487402
372,6160,487402
373,6175,487402
374,6191,487402
375,6205,487402
376,6218,487402
377,6234,487402
378,6249,487402
379,6263,487402
380,6286,487402
381,6302,487402
382,6323,487402
383,6342,487402
384,6369,487402
385,6388,487402
386,6408,487402
387,6424,487402
388,6439,487402
389,6454,487402
390,6469,487402
391,6485,487402
392,6510,487402
393,6525,487402
394,6540,487402
395,6555,487402
396,6571,487402
397,6585,487402
398,6601,487402
399,6616,487402
400,6633,487402
401,6653,487402
402,6670,487402
403,6686,487402
404,6701,487402
405,6715,487402
406,6732,487402
407,6748,487402
408,6762,487402
409,6778,487402
410,6794,487402
411,6813,487402
412,6834,487402
413,6864,487402
414,6889,487402
415,6908,487402
416,6928,487402
417,6943,487402
418,6959,487402
419,6976,487402
420,6992,487402
421,7009,487402
422,7026,487402
423,7043,487402
424,7061,487402
425,7084,487402
426,7099,487402
427,7119,487402
428,7137,487402
429,7153,487402
430,7179,487402
431,7196,487402
432,7215,487402
433,7232,487402
434,7250,487402
435,7271,487402
436,7290,487402
437,7306,487402
438,7329,487402
439,7345,487402
440,7360,487402
441,7378,487402
442,7393,487402
443,7412,487402
444,7431,487402
445,7447,490004
446,7474,490004
447,7499,490004
448,7519,490004
449,7538,490004
450,7558,490004
451,7578,490004
452,7595,490004
453,7610,490004
454,7629,490004
455,7645,490004
456,7661,490004
457,7684,490004
458,7702,490004
459,7720,490004
460,7738,490004
461,7753,490004
462,7775,490004
463,7792,490004
464,7806,490004
465,7823,490004
466,7839,490004
467,7855,490004
468,7871,490004
469,7887,490004
470,7904,490004
471,7918,490004
472,7942,490004
473,7957,490004
474,7975,490004
475,7994,490004
476,8010,490004
477,8025,490004
478,8041,490004
479,8056,490004
480,8072,490004
481,8090,490004
482,8105,490004
483,8120,490004
484,8142,490004
485,8158,490004
486,8175,490004
487,8190,490004
488,8214,492237
489,8232,492237
490,8250,492237
491,8269,492237
492,8289,492237
493,8307,492237
494,8323,492237
495,8342,492237
496,8357,492237
497,8373,492237
498,8392,492237
499,8407,492237
500,8425,492237
501,8442,492237
502,8466,492237
503,8487,492237
504,8508,492237
505,8532,492237
506,8548,492237
507,8565,492237
508,8580,492237
509,8597,492237
510,8615,492237
511,8630,492237
512,8645,492237
513,8660,494461
514,8680,494461
515,8698,494461
516,8719,494461
517,8740,494461
518,8757,494461
519,8774,494461
520,8792,494461
521,8812,494461
522,8834,494461
523,8850,494461
524,8869,494461
525,8889,494461
526,8905,494461
527,8927,494461
528,8943,494461
529,8959,494461
530,8975,494461
531,8992,494461
532,9010,494461
533,9028,494461
534,9045,494461
535,9062,494461
536,9082,494461
537,9098,494461
538,9115,494461
539,9131,494461
540,9148,494461
541,9179,494461
542,9200,494461
543,9223,494461
544,9239,494461
545,9257,494461
546,9274,494461
547,9290,494461
548,9307,494461
549,9324,494461
550,9340,494461
551,9356,494461
552,9371,494461
553,9385,494461
554,9400,494461
555,9415,494461
556,9431,494461
557,9447,494461
558,9463,494461
559,9479,494461
560,9497,494461
561,9512,494461
562,9529,494461
563,9548,494461
564,9566,494461
565,9583,494461
566,9604,494461
567,9620,494461
568,9643,494461
569,9658,496771
570,9674,496771
571,9693,496771
572,9723,496771
573,9740,496771
574,9755,496771
575,9770,496771
576,9794,496771
577,9809,496771
578,9826,496771
579,9841,496771
580,9857,496771
581,9873,496771
582,9888,496771
583,9903,496771
584,9919,496771
585,9934,496771
586,9948,496771
587,9965,496771
588,9979,496771
589,9995,496771
590,10010,496771
591,10026,496771
592,10041,496771
593,10056,496771
594,10072,496771
595,10089,496771
596,10108,496771
597,10128,496771
598,10145,496771
599,10159,496771
600,10177,496771
601,10198,496771
602,10215,496771
603,10230,496771
604,10245,496771
605,10262,496771
606,10278,498612
607,10295,498612
608,10312,498612
609,10327,498612
610,10344,498612
611,10359,498612
612,10373,498612
613,10390,498612
614,10405,498612
615,10420,498612
616,10436,498612
617,10452,498612
618,10467,498612
619,10481,498612
620,10503,498612
621,10518,498612
622,10533,498612
623,10549,498612
624,10562,498612
625,10577,498612
626,10592,498612
627,10610,498612
628,10626,498612
629,10644,498612
630,10663,498612
631,10677,498612
632,10699,498612
633,10712,498612
634,10729,498612
635,10743,498612
636,10756,498612
637,10771,498612
638,10789,498612
639,10803,498612
640,10818,498612
641,10834,498612
642,10848,498612
643,10863,498612
644,10877,498612
645,10891,498612
646,10906,498612
647,10922,498612
648,10937,498612
649,10951,498612
650,10966,498612
651,10982,498612
652,10996,498612
653,11011,498612
654,11027,498612
655,11042,498612
656,11057,498612
657,11071,498612
658,11092,498612
659,11106,498612
660,11119,498612
661,11139,498612
662,11161,498612
663,11178,498612
664,11194,498612
665,11210,498612
666,11226,498612
667,11246,498612
668,11262,498612
669,11278,498612
670,11295,498612
671,11312,498612
672,11326,498612
673,11342,498612
674,11356,498612
675,11371,498612
676,11385,498612
677,11400,498612
678,11415,500033
679,11429,500033
680,11446,500033
681,11460,500033
682,11477,500033
683,11493,500033
684,11514,500033
685,11532,500033
686,11545,500033
687,11566,500033
688,11580,500033
689,11594,500033
690,11614,500033
691,11628,500033
692,11644,500033
693,11659,500033
694,11676,500033
695,11699,500033
696,11715,500033
697,11733,500033
698,11750,500033
699,11773,500033
700,11799,500033
701,11817,500033
702,11838,500033
703,11862,500033
704,11877,500033
705,11893,500033
706,11908,500033
707,11924,500033
708,11939,500033
709,11958,500033
710,11973,500033
711,11988,500033
712,12003,500033
713,12019,500033
714,12034,500033
715,12048,500033
716,12063,500033
717,12077,500033
718,12092,500033
719,12108,500033
720,12122,500033
721,12138,500033
722,12154,500033
723,12173,500033
724,12187,500033
725,12202,500033
726,12221,500033
727,12236,500033
728,12259,500033
729,12281,500033
730,12299,500033
731,12315,500033
732,12330,500033
733,12346,500033
734,12361,500033
735,12374,500033
736,12391,500033
737,12404,500033
738,12421,500033
739,12442,500033
740,12456,500033
741,12470,500033
742,12486,500033
743,12503,500033
744,12518,500033
745,12533,500033
746,12549,500033
747,12565,500033
748,12579,500033
749,12601,500033
750,12615,500033
751,12630,500033
752,12646,500033
753,12662,500033
754,12677,500033
755,12691,500033
756,12705,500033
757,12721,500033
758,12736,500033
759,12751,500033
760,12770,500033
761,12795,500033
762,12813,500033
763,12830,500033
764,12854,500033
765,12871,500033
766,12888,500033
767,12901,500033
768,12928,500033
769,12946,500033
770,12961,500033
771,12980,500033
772,12997,500033
773,13014,500033
774,13030,500033
775,13047,500033
776,13064,500033
777,13080,500033
778,13098,500033
779,13114,500033
780,13131,500033
781,13148,500033
782,13167,500033
783,13185,500033
784,13207,500033
785,13222,500033
786,13240,500033
787,13258,500033
788,13282,500033
789,13301,500033
790,13324,500033
791,13348,500033
792,13368,500033
793,13388,501190
794,13409,501190
795,13432,501190
796,13452,501190
797,13470,501190
798,13494,501656
799,13515,501656
800,13533,501656
801,13553,501656
802,13570,501656
803,13585,501656
804,13600,501656
805,13617,501656
806,13633,501656
807,13649,501656
808,13667,501656
809,13681,501656
810,13697,501656
811,13716,501656
812,13732,501656
813,13747,501656
814,13760,501656
815,13776,501656
816,13793,501656
817,13808,501656
818,13822,501656
819,13841,501656
820,13856,501656
821,13880,501656
822,13896,501656
823,13913,501656
824,13929,501656
825,13944,501656
826,13960,501656
827,13975,501656
828,13992,501656
829,14009,501656
830,14023,501656
831,14038,501656
832,14062,501656
833,14076,501656
834,14091,501656
835,14108,501656
836,14123,501656
837,14138,501677
838,14156,501677
839,14173,501677
840,14189,501677
841,14203,501677
842,14219,501677
843,14239,501677
844,14253,501677
845,14269,501677
846,14286,501677
847,14301,501677
848,14316,501677
849,14335,501677
850,14356,501677
851,14370,501677
852,14384,501677
853,14400,501677
854,14414,501677
855,14431,501677
856,14447,501677
857,14463,501677
858,14479,501677
859,14497,502788
860,14518,502788
861,14535,502788
862,14555,502788
863,14570,502788
864,14586,502788
865,14601,502788
866,14616,502788
867,14631,502788
868,14648,502788
869,14662,502788
870,14677,502788
871,14693,502788
872,14708,502788
873,14723,502788
874,14739,502788
875,14753,502788
876,14768,502788
877,14783,502788
878,14803,502788
879,14817,502788
880,14832,502788
881,14846,502788
882,14860,502788
883,14874,502788
884,14889,502788
885,14904,502788
886,14919,502788
887,14940,502788
888,14956,502788
889,14972,502788
890,14988,502788
891,15007,502788
892,15024,502788
893,15041,502788
894,15055,502788
895,15071,502788
896,15086,502788
897,15101,502788
898,15119,502788
899,15135,502788
900,15151,502788
901,15168,502788
902,15183,502788
903,15199,502788
904,15218,502788
905,15234,502788
906,15249,502788
907,15263,502788
908,15279,502788
909,15295,502788
910,15308,502788
911,15324,502788
912,15338,502788
913,15353,502788
914,15370,502788
915,15385,502788
916,15401,502788
917,15417,502788
918,15430,502788
919,15446,502788
920,15460,502788
921,15484,502788
922,15512,502788
923,15541,502788
924,15565,502788
925,15586,502788
926,15601,502788
927,15617,502788
928,15632,502788
929,15648,502788
930,15663,502788
931,15677,502788
932,15692,502788
933,15706,502788
934,15726,502788
935,15741,502788
936,15755,502788
937,15770,502788
938,15786,502788
939,15802,502788
940,15817,502788
941,15832,502788
942,15856,502788
943,15872,502788
944,15889,502788
945,15904,502788
946,15919,502788
947,15935,502788
948,15948,502788
949,15965,502788
950,15979,502788
951,15995,502788
952,16011,502788
953,16025,502788
954,16042,502788
955,16056,502788
956,16072,502788
957,16094,502788
958,16115,502788
959,16131,502788
960,16148,502788
961,16163,502788
962,16184,502788
963,16202,502788
964,16218,502788
965,16234,502788
966,16249,502788
967,16265,502788
968,16279,502788
969,16295,502788
970,16309,502788
971,16324,502788
972,16338,502788
973,16354,502788
974,16375,502788
975,16389,502788
976,16405,502788
977,16421,502788
978,16436,502788
979,16451,502788
980,16470,502788
981,16488,502788
982,16503,502788
983,16518,502788
984,16534,502788
985,16549,502788
986,16564,502788
987,16579,502788
988,16600,502788
989,16615,502788
990,16634,502788
991,16649,502788
992,16666,502788
993,16682,502788
994,16703,502788
995,16717,502788
996,16734,502788
997,16749,502788
998,16764,502788
999,16778,502788
1000,16792,502788
1001,16808,502788
1002,16822,502788
1003,16836,502788
1004,16852,502788
1005,16866,502788
1006,16883,502788
1007,16899,502788
1008,16913,502788
1009,16928,502788
1010,16945,502788
1011,16959,502788
1012,16973,502788
1013,16992,502788
1014,17010,502788
1015,17025,502788
1016,17042,502788
1017,17058,502788
1018,17072,502788
1019,17087,502788
1020,17104,502788
1021,17120,502788
1022,17137,502788
1023,17154,502788
1024,17175,502788
1025,17192,502788
1026,17211,502788
1027,17228,502788
1028,17242,502788
1029,17259,502788
1030,17276,502788
1031,17291,502788
1032,17305,502788
1033,17321,502788
1034,17339,503595
1035,17353,503595
1036,17371,503595
1037,17386,503595
1038,17401,503595
1039,17417,503595
1040,17431,503595
1041,17447,503595
1042,17461,503595
1043,17481,503595
1044,17500,503595
1045,17521,503595
1046,17536,503595
1047,17552,503595
1048,17568,503595
1049,17583,503595
1050,17598,503595
1051,17614,503595
1052,17631,503595
1053,17645,503595
1054,17662,503595
1055,17687,503595
1056,17702,503595
1057,17719,503595
1058,17734,503595
1059,17751,503595
1060,17768,503595
1061,17783,503595
1062,17798,503595
1063,17812,503595
1064,17827,503595
1065,17842,503595
1066,17857,503595
1067,17877,503595
1068,17892,503603
1069,17910,503603
1070,17927,503603
1071,17942,503603
1072,17961,503603
1073,17982,503603
1074,17997,503603
1075,18013,503603
1076,18029,503603
1077,18042,503603
1078,18058,503603
1079,18072,503603
1080,18086,503603
1081,18102,503603
1082,18116,503603
1083,18132,503603
1084,18147,503603
1085,18162,503603
1086,18177,503603
1087,18193,503603
1088,18206,503603
1089,18225,503603
1090,18247,503603
1091,18271,503603
1092,18299,503603
1093,18317,503603
1094,18336,503603
1095,18357,503603
1096,18372,503603
1097,18389,503603
1098,18404,503603
1099,18422,503603
1100,18437,503603
1101,18452,503603
1102,18467,503603
1103,18483,503603
1104,18499,503603
1105,18514,503603
1106,18530,503603
1107,18545,504383
1108,18560,504383
1109,18575,504383
1110,18590,504383
1111,18603,504383
1112,18619,504383
1113,18636,504383
1114,18649,504383
1115,18669,504383
1116,18684,504383
1117,18700,504383
1118,18716,504383
1119,18729,504383
1120,18745,504383
1121,18761,504383
1122,18778,504383
1123,18793,504383
1124,18818,504383
1125,18839,504383
1126,18858,504383
1127,18876,504383
1128,18890,504383
1129,18909,504383
1130,18924,504383
1131,18938,504383
1132,18952,504383
1133,18968,504383
1134,18982,504383
1135,18999,504383
1136,19016,504383
1137,19030,504383
1138,19045,504383
1139,19060,504383
1140,19075,504383
1141,19090,504383
1142,19105,504383
1143,19124,504383
1144,19140,504383
1145,19156,504383
1146,19171,504383
1147,19186,504383
1148,19200,504383
1149,19215,504383
1150,19228,504383
1151,19245,504383
1152,19264,504383
1153,19279,504383
1154,19292,504383
1155,19307,504383
1156,19323,504383
1157,19338,504383
1158,19354,504383
1159,19369,504383
1160,19385,504383
1161,19402,504383
1162,19417,504383
1163,19433,504383
1164,19449,504383
1165,19463,504383
1166,19480,504383
1167,19494,504383
1168,19511,504383
1169,19525,504383
1170,19542,504383
1171,19557,504383
1172,19572,504383
1173,19587,504383
1174,19602,504383
1175,19617,505101
1176,19634,505101
1177,19649,505101
1178,19665,505101
1179,19685,505101
1180,19705,505101
1181,19718,505101
1182,19733,505101
1183,19753,505101
1184,19768,505101
1185,19782,505101
1186,19796,505101
1187,19811,505101
1188,19826,505101
1189,19840,505101
1190,19861,505101
1191,19876,505101
1192,19895,505101
1193,19910,505101
1194,19928,505101
1195,19944,505101
1196,19961,505101
1197,19975,505101
1198,19992,505101
1199,20008,505101
1200,20023,505101
1201,20039,505101
1202,20052,505101
1203,20071,505101
1204,20085,505101
1205,20099,505101
1206,20119,505101
1207,20134,505101
1208,20149,505101
1209,20165,505101
1210,20181,505101
1211,20195,505101
1212,20210,505101
1213,20223,505101
1214,20238,505101
1215,20253,505101
1216,20274,505101
1217,20289,505101
1218,20305,505101
1219,20320,505101
1220,20338,505101
1221,20360,505101
1222,20374,505101
1223,20390,505101
1224,20404,505101
1225,20418,505101
1226,20434,505101
1227,20453,505101
1228,20468,505101
1229,20486,505101
1230,20504,505101
1231,20519,505101
1232,20535,505101
1233,20553,505101
1234,20569,505101
1235,20589,505101
1236,20603,505101
1237,20625,505101
1238,20641,505101
1239,20656,505101
1240,20671,505101
1241,20689,505101
1242,20706,505101
1243,20729,506827
1244,20748,506827
1245,20769,506827
1246,20785,506827
1247,20802,506827
1248,20818,506827
1249,20835,506827
1250,20853,506827
1251,20873,506827
1252,20888,506827
1253,20902,506827
1254,20917,506827
1255,20935,506827
1256,20949,506827
1257,20965,506827
1258,20990,506827
1259,21005,506827
1260,21030,506827
1261,21045,506827
1262,21060,506827
1263,21078,506827
1264,21096,506827
1265,21111,506827
1266,21129,506827
1267,21145,506827
1268,21160,506827
1269,21176,506827
1270,21191,506827
1271,21205,506827
1272,21220,506827
1273,21236,506827
1274,21253,506827
1275,21269,506827
1276,21288,506827
1277,21304,506827
1278,21320,506827
1279,21333,506827
1280,21351,506827
1281,21365,506827
1282,21381,506827
1283,21398,506827
1284,21414,506827
1285,21435,506827
1286,21451,506827
1287,21464,506827
1288,21480,506827
1289,21494,506827
1290,21512,506827
1291,21528,506827
1292,21546,506827
1293,21568,506827
1294,21589,506827
1295,21606,506827
1296,21626,506827
1297,21642,506827
1298,21657,506828
1299,21678,506828
1300,21693,506828
1301,21708,506828
1302,21726,506828
1303,21743,506828
1304,21759,506828
1305,21775,506828
1306,21793,506828
1307,21814,506828
1308,21829,506828
1309,21844,506828
1310,21859,506828
1311,21874,506828
1312,21889,506828
1313,21903,506828
1314,21919,506828
1315,21937,506828
1316,21951,506828
1317,21965,506828
1318,21985,506828
1319,22000,506828
1320,22017,506828
1321,22031,506828
1322,22046,506828
1323,22061,506828
1324,22079,506828
1325,22101,506828
1326,22115,506828
1327,22133,506828
1328,22149,506828
1329,22166,506828
1330,22184,506828
1331,22201,506828
1332,22215,506828
1333,22231,506828
1334,22246,506828
1335,22262,506828
1336,22277,506828
1337,22292,506828
1338,22307,506828
1339,22322,506828
1340,22337,506828
1341,22353,506828
1342,22367,506828
1343,22382,506828
1344,22402,506828
1345,22417,506828
1346,22435,506828
1347,22449,506828
1348,22463,506828
1349,22484,506828
1350,22500,506828
1351,22516,506828
1352,22530,506828
1353,22545,506828
1354,22560,506828
1355,22574,506828
1356,22588,506828
1357,22605,506828
1358,22620,506828
1359,22637,506828
1360,22660,506828
1361,22673,506828
1362,22697,506828
1363,22719,506828
1364,22734,506828
1365,22753,506828
1366,22770,506828
1367,22784,506828
1368,22799,506828
1369,22814,506828
1370,22829,506828
1371,22852,506828
1372,22872,506828
1373,22896,506828
1374,22913,506828
1375,22929,506828
1376,22945,506828
1377,22965,506828
1378,22980,506828
1379,22997,506828
1380,23011,506828
1381,23033,506828
1382,23049,506828
1383,23064,506828
1384,23081,506828
1385,23095,506828
1386,23111,506828
1387,23127,506828
1388,23142,506828
1389,23157,506828
1390,23173,506828
1391,23195,506828
1392,23210,506828
1393,23226,506828
1394,23249,506828
1395,23270,506828
1396,23287,506828
1397,23303,506828
1398,23321,506828
1399,23336,506828
1400,23352,506828
1401,23371,506828
1402,23386,506828
1403,23400,506828
1404,23416,506828
1405,23431,506828
1406,23446,506828
1407,23461,506828
1408,23477,506828
1409,23492,506828
1410,23507,506828
1411,23524,506828
1412,23542,506828
1413,23556,506828
1414,23571,506828
1415,23586,506828
1416,23602,506828
1417,23619,506828
1418,23634,506828
1419,23651,506828
1420,23665,506828
1421,23681,506828
1422,23697,506828
1423,23713,506828
1424,23726,506828
1425,23745,506828
1426,23761,506828
1427,23785,506828
1428,23801,506828
1429,23824,506828
1430,23841,506828
1431,23861,506828
1432,23876,506828
1433,23894,506828
1434,23907,506828
1435,23924,506828
1436,23938,506828
1437,23956,506828
1438,23973,506828
1439,23986,506828
1440,24003,506828
1441,24017,506828
1442,24033,506828
1443,24049,506828
1444,24065,506828
1445,24080,506828
1446,24095,506828
1447,24109,506828
1448,24125,506828
1449,24140,506828
1450,24157,506828
1451,24178,506828
1452,24195,506828
1453,24209,506828
1454,24224,506828
1455,24239,506828
1456,24259,506828
1457,24273,506828
1458,24297,506828
1459,24316,506828
1460,24335,506828
1461,24361,506828
1462,24382,506828
1463,24397,506828
1464,24413,506828
1465,24429,506828
1466,24445,506828
1467,24461,506828
1468,24477,506828
1469,24491,506828
1470,24508,506828
1471,24525,506828
1472,24539,506828
1473,24555,506828
1474,24573,506828
1475,24586,506828
1476,24602,506828
1477,24615,506828
1478,24632,506828
1479,24649,506828
1480,24664,506828
1481,24680,506828
1482,24697,506828
1483,24711,506828
1484,24731,506828
1485,24744,506828
1486,24767,506828
1487,24782,506828
1488,24795,506828
1489,24811,506828
1490,24825,506828
1491,24839,506828
1492,24855,506828
1493,24874,506828
1494,24890,506828
1495,24910,506828
1496,24927,506828
1497,24945,506828
1498,24961,506828
1499,24986,506828
1500,25001,506828
1501,25021,506828
1502,25037,506828
1503,25054,506828
1504,25076,506828
1505,25091,506828
1506,25107,506828
1507,25131,506828
1508,25148,506828
1509,25163,506828
1510,25179,506828
1511,25199,506828
1512,25213,506828
1513,25229,506828
1514,25243,506828
1515,25260,506828
1516,25276,506828
1517,25289,506828
1518,25307,506828
1519,25323,506828
1520,25338,506828
1521,25354,506828
1522,25367,506828
1523,25382,506828
1524,25397,506828
1525,25411,506828
1526,25433,506828
1527,25452,506828
1528,25469,506828
1529,25494,506828
1530,25510,506828
1531,25527,506828
1532,25545,506828
1533,25561,506828
1534,25576,506828
1535,25593,506828
1536,25608,506828
1537,25624,506828
1538,25641,506828
1539,25662,506828
1540,25678,506828
1541,25691,507114
1542,25710,507114
1543,25728,507114
1544,25742,507114
1545,25759,507114
1546,25776,507114
1547,25791,507114
1548,25807,507114
1549,25822,507114
1550,25838,507114
1551,25853,507114
1552,25868,507114
1553,25882,507114
1554,25897,507114
1555,25911,507114
1556,25928,507114
1557,25944,507114
1558,25959,507114
1559,25973,507114
1560,25990,507114
1561,26011,507114
1562,26027,507114
1563,26050,507114
1564,26066,507114
1565,26083,507114
1566,26101,507114
1567,26116,507114
1568,26137,507114
1569,26154,507114
1570,26167,507114
1571,26183,507114
1572,26199,507114
1573,26215,507114
1574,26230,507114
1575,26246,507114
1576,26264,507114
1577,26280,507114
1578,26294,507114
1579,26310,507114
1580,26325,507114
1581,26341,507114
1582,26355,507114
1583,26371,507114
1584,26386,507114
1585,26400,507114
1586,26415,507114
1587,26429,507114
1588,26444,507114
1589,26459,507114
1590,26476,507114
1591,26491,507114
1592,26508,507114
1593,26528,507114
1594,26545,507114
1595,26563,507114
1596,26578,507114
1597,26594,507114
1598,26613,507114
1599,26629,507114
1600,26650,507114
1601,26665,507114
1602,26680,507114
1603,26696,507114
1604,26713,507114
1605,26727,507114
1606,26743,507114
1607,26760,507114
1608,26775,507114
1609,26791,507114
1610,26805,507114
1611,26820,507114
1612,26834,507114
1613,26849,507114
1614,26862,507114
1615,26878,507114
1616,26894,507114
1617,26907,507114
1618,26922,507114
1619,26937,507114
1620,26957,507114
1621,26971,507114
1622,26984,507114
1623,27000,507114
1624,27017,507114
1625,27032,507114
1626,27052,507114
1627,27074,507114
1628,27091,507114
1629,27109,507610
1630,27127,507610
1631,27150,507610
1632,27167,507610
1633,27187,507610
1634,27201,507610
1635,27216,507610
1636,27233,507610
1637,27248,507610
1638,27264,507610
1639,27280,507610
1640,27295,507610
1641,27312,507610
1642,27329,507610
1643,27344,507610
1644,27360,507610
1645,27377,507610
1646,27392,507610
1647,27418,507610
1648,27432,507610
1649,27448,507610
1650,27461,507610
1651,27475,507610
1652,27491,507610
1653,27516,507610
1654,27532,507610
1655,27548,507610
1656,27564,507610
1657,27579,507610
1658,27594,507610
1659,27609,507610
1660,27625,507610
1661,27640,507610
1662,27656,507610
1663,27677,507610
1664,27694,507610
1665,27719,507610
1666,27734,507610
1667,27750,507610
1668,27765,507610
1669,27781,507610
1670,27797,507610
1671,27817,507610
1672,27838,507610
1673,27862,507610
1674,27880,507610
1675,27897,507610
1676,27916,507610
1677,27931,507610
1678,27947,507610
1679,27963,507610
1680,27978,507610
1681,27992,507610
1682,28011,507610
1683,28028,507610
1684,28041,507610
1685,28057,507610
1686,28072,507610
1687,28087,507610
1688,28107,507610
1689,28122,507610
1690,28138,507610
1691,28159,507610
1692,28174,507610
1693,28188,507610
1694,28203,507610
1695,28219,507610
1696,28235,507610
1697,28252,507610
1698,28269,507610
1699,28283,507610
1700,28299,507610
1701,28322,507610
1702,28343,507610
1703,28360,507610
1704,28375,507610
1705,28395,507610
1706,28416,507610
1707,28432,507610
1708,28449,507610
1709,28463,507610
1710,28479,507610
1711,28495,507610
1712,28512,507610
1713,28529,507610
1714,28544,507610
1715,28558,507610
1716,28573,507610
1717,28587,507610
1718,28603,507610
1719,28619,507610
1720,28635,507610
1721,28651,507610
1722,28668,507610
1723,28683,507610
1724,28697,507610
1725,28711,507610
1726,28727,507610
1727,28741,507610
1728,28757,507610
1729,28778,507610
1730,28792,507610
1731,28812,507610
1732,28833,507610
1733,28846,507610
1734,28865,507610
1735,28883,507610
1736,28906,507610
1737,28920,507610
1738,28936,507610
1739,28950,507610
1740,28965,507610
1741,28981,507610
1742,28995,507610
1743,29012,507610
1744,29027,507610
1745,29043,507610
1746,29058,507610
1747,29074,507610
1748,29088,507610
1749,29109,507610
1750,29126,507610
1751,29142,507610
1752,29167,507610
1753,29183,507610
1754,29203,507610
1755,29220,507610
1756,29237,507610
1757,29254,507610
1758,29269,507610
1759,29286,507610
1760,29300,507610
1761,29320,507610
1762,29335,507610
1763,29351,507610
1764,29368,507610
1765,29385,507610
1766,29402,507610
1767,29418,507610
1768,29440,507610
1769,29459,507610
1770,29477,507610
1771,29493,507610
1772,29510,507610
1773,29525,507610
1774,29540,507610
1775,29556,507610
1776,29572,507610
1777,29585,507610
1778,29602,507610
1779,29617,507610
1780,29632,507610
1781,29648,507610
1782,29664,507610
1783,29678,507610
1784,29694,507610
1785,29710,507610
1786,29727,507610
1787,29745,507610
1788,29760,507610
1789,29777,507610
1790,29795,507610
1791,29814,507610
1792,29830,507610
1793,29854,507610
1794,29881,507610
1795,29901,507610
1796,29916,507610
1797,29935,507610
1798,29951,507610
1799,29969,507610
1800,29986,507610
1801,30005,507610
1802,30021,507610
1803,30039,507610
1804,30057,507610
1805,30074,507610
1806,30090,507610
1807,30106,507610
1808,30120,507610
1809,30141,507610
1810,30160,507610
1811,30175,507610
1812,30189,507610
1813,30211,507610
1814,30226,507610
1815,30240,507610
1816,30257,507610
1817,30272,507610
1818,30292,507610
1819,30307,507610
1820,30324,507610
1821,30337,507610
1822,30353,507610
1823,30367,507610
1824,30382,507610
1825,30399,507610
1826,30414,507610
1827,30428,507610
1828,30443,507610
1829,30459,507610
1830,30473,507610
1831,30488,507610
1832,30503,507610
1833,30520,507610
1834,30538,507610
1835,30553,507610
1836,30574,507610
1837,30591,507610
1838,30614,507610
1839,30630,507610
1840,30651,507610
1841,30665,507610
1842,30680,507610
1843,30695,507610
1844,30711,507610
1845,30725,507610
1846,30741,507610
1847,30756,507610
1848,30772,507610
1849,30786,507610
1850,30800,507610
1851,30814,507610
1852,30828,507610
1853,30845,507610
1854,30860,507610
1855,30874,507610
1856,30888,507610
1857,30904,507610
1858,30917,507610
1859,30934,507610
1860,30947,507610
1861,30962,507610
1862,30976,507610
1863,30992,507610
1864,31008,507610
1865,31022,507610
1866,31037,507610
1867,31053,507610
1868,31067,507610
1869,31090,507610
1870,31104,507610
1871,31120,507610
1872,31143,507610
1873,31161,507610
1874,31179,507610
1875,31195,507610
1876,31209,507618
1877,31228,507618
1878,31244,507618
1879,31261,507618
1880,31277,507618
1881,31292,507618
1882,31308,507618
1883,31323,507618
1884,31343,507618
1885,31358,507618
1886,31374,507618
1887,31388,507618
1888,31404,507618
1889,31418,507618
1890,31433,507618
1891,31448,507618
1892,31463,507618
1893,31477,507618
1894,31492,507618
1895,31510,507618
1896,31524,507618
1897,31544,507618
1898,31559,507618
1899,31574,507618
1900,31589,507618
1901,31604,507618
1902,31618,507618
1903,31634,507618
1904,31652,507618
1905,31667,507618
1906,31684,507618
1907,31702,507618
1908,31719,507618
1909,31735,507618
1910,31751,507618
1911,31768,507618
1912,31784,507618
1913,31800,507618
1914,31816,507618
1915,31830,507618
1916,31846,507618
1917,31863,507618
1918,31876,507618
1919,31891,507618
1920,31906,507618
1921,31920,507618
1922,31936,507618
1923,31950,507618
1924,31972,507618
1925,31991,507618
1926,32007,507618
1927,32027,507618
1928,32045,507618
1929,32069,507618
1930,32093,507618
1931,32112,507618
1932,32127,507618
1933,32143,507618
1934,32158,507618
1935,32175,507618
1936,32189,507618
1937,32204,507618
1938,32223,507618
1939,32241,507618
1940,32259,507618
1941,32275,507618
1942,32298,507618
1943,32314,507618
1944,32338,507618
1945,32356,507618
1946,32371,507618
1947,32386,507618
1948,32401,507618
1949,32416,507618
1950,32435,507618
1951,32455,507618
1952,32470,507618
1953,32484,507618
1954,32505,507618
1955,32522,507618
1956,32536,507618
1957,32550,507618
1958,32566,507618
1959,32580,507618
1960,32596,507618
1961,32610,507618
1962,32626,507618
1963,32641,507618
1964,32656,507618
1965,32673,507618
1966,32687,507618
1967,32702,507618
1968,32717,507618
1969,32732,507618
1970,32745,507618
1971,32760,507618
1972,32777,507618
1973,32791,507618
1974,32810,507618
1975,32826,507618
1976,32844,507618
1977,32862,507618
1978,32880,507618
1979,32897,507618
1980,32915,507618
1981,32934,507618
1982,32949,507618
1983,32965,507618
1984,32979,507618
1985,32996,507618
1986,33013,507618
1987,33027,507618
1988,33043,507618
1989,33058,507618
1990,33073,507618
1991,33087,507618
1992,33102,507618
1993,33117,507618
1994,33132,507618
1995,33147,507618
1996,33164,507618
1997,33179,507618
1998,33193,507618
1999,33209,507618
2000,33224,507618
2001,33240,507618
2002,33254,507618
2003,33272,507618
2004,33287,507618
2005,33303,507618
2006,33317,507618
2007,33344,507618
2008,33360,507618
2009,33385,507618
2010,33401,507618
2011,33418,507618
2012,33434,507618
2013,33451,507618
2014,33471,507618
2015,33487,507618
2016,33505,507618
2017,33519,507618
2018,33534,507618
2019,33551,507618
2020,33565,507618
2021,33585,507618
2022,33601,507618
2023,33615,507618
2024,33633,507618
2025,33648,507618
2026,33664,507618
2027,33678,507618
2028,33693,507618
2029,33709,507618
2030,33724,507618
2031,33739,507618
2032,33754,507618
2033,33768,507618
2034,33784,507618
2035,33798,507618
2036,33815,507618
2037,33830,507618
2038,33849,507618
2039,33864,507618
2040,33878,507618
2041,33894,507618
2042,33910,507618
2043,33924,507618
2044,33940,507618
2045,33956,507618
2046,33971,507618
2047,33986,507618
2048,34001,507618
2049,34018,507618
2050,34037,507618
2051,34061,507618
2052,34086,507618
2053,34103,507618
2054,34128,507618
2055,34151,507618
2056,34168,507618
2057,34183,507618
2058,34201,507618
2059,34216,507618
2060,34232,507618
2061,34249,507618
2062,34264,507618
2063,34286,507618
2064,34307,507618
2065,34325,507618
2066,34341,507618
2067,34355,507618
2068,34371,507618
2069,34385,507618
2070,34399,507618
2071,34416,507618
2072,34434,507618
2073,34448,507618
2074,34464,507618
2075,34478,507618
2076,34495,507618
2077,34511,507618
2078,34534,507618
2079,34551,507618
2080,34571,507618
2081,34588,507618
2082,34605,507618
2083,34621,507618
2084,34637,507618
2085,34652,507618
2086,34669,507618
2087,34685,507618
2088,34701,507618
2089,34719,507618
2090,34735,507618
2091,34751,507618
2092,34768,507618
2093,34782,507618
2094,34801,507618
2095,34816,507618
2096,34838,507618
2097,34853,507618
2098,34868,507618
2099,34883,507618
2100,34898,507618
2101,34913,507618
2102,34927,507618
2103,34941,507618
2104,34957,507618
2105,34971,507618
2106,34987,507618
2107,35010,507618
2108,35027,507618
2109,35041,507618
2110,35058,507618
2111,35073,507618
2112,35096,507618
2113,35111,507618
2114,35134,507618
2115,35152,507618
2116,35169,507618
2117,35186,507618
2118,35203,507618
2119,35218,507618
2120,35239,507618
2121,35255,507618
2122,35269,507618
2123,35284,507618
2124,35299,507618
2125,35319,507618
2126,35335,507618
2127,35352,507618
2128,35366,507618
2129,35381,507618
2130,35396,507618
2131,35410,507618
2132,35424,507618
2133,35439,507618
2134,35454,507618
2135,35471,507618
2136,35485,507618
2137,35502,507618
2138,35518,507618
2139,35532,507618
2140,35548,507618
2141,35565,507618
2142,35578,507618
2143,35594,507618
2144,35611,507618
2145,35625,507618
2146,35641,507618
2147,35660,507618
2148,35679,507618
2149,35699,507618
2150,35721,507618
2151,35737,507618
2152,35752,507618
2153,35768,507618
2154,35785,507618
2155,35801,507618
2156,35818,507618
2157,35834,507618
2158,35851,507618
2159,35864,507618
2160,35879,507618
2161,35894,507618
2162,35907,507618
2163,35924,507618
2164,35938,507618
2165,35952,507618
2166,35967,507618
2167,35987,507618
2168,36004,507618
2169,36023,507618
2170,36045,507618
2171,36060,507618
2172,36073,507618
2173,36094,507618
2174,36109,507618
2175,36124,507618
2176,36150,507618
2177,36167,507618
2178,36181,507618
2179,36199,507618
2180,36214,507618
2181,36227,507618
2182,36243,507618
2183,36265,507618
2184,36283,507618
2185,36298,507618
2186,36313,507618
2187,36332,507618
2188,36348,507618
2189,36364,507618
2190,36379,507618
2191,36393,507618
2192,36407,507618
2193,36422,507618
2194,36438,507618
2195,36453,507618
2196,36469,507618
2197,36485,507618
2198,36502,507618
2199,36518,507618
2200,36534,507618
2201,36551,507618
2202,36565,507618
2203,36580,507627
2204,36607,507627
2205,36624,507627
2206,36648,507627
2207,36663,507627
2208,36679,507627
2209,36698,507627
2210,36712,507627
2211,36727,507627
2212,36742,507627
2213,36757,507627
2214,36771,507627
2215,36785,507627
2216,36799,507627
2217,36815,507627
2218,36836,507627
2219,36852,507627
2220,36877,507627
2221,36891,507627
2222,36909,507627
2223,36926,507627
2224,36941,507627
2225,36958,507627
2226,36975,507627
2227,36990,507627
2228,37004,507627
2229,37020,507627
2230,37035,507627
2231,37053,507627
2232,37068,507627
2233,37083,507627
2234,37098,507627
2235,37114,507627
2236,37127,507627
2237,37145,507627
2238,37161,507627
2239,37175,507627
2240,37191,507627
2241,37206,507627
2242,37223,507627
2243,37243,507627
2244,37260,507627
2245,37275,507627
2246,37288,507627
2247,37303,507627
2248,37319,507627
2249,37333,507627
2250,37349,507627
2251,37365,507627
2252,37380,507627
2253,37399,507627
2254,37415,507627
2255,37429,507627
2256,37446,507627
2257,37461,507627
2258,37477,507627
2259,37501,507627
2260,37517,507627
2261,37533,507627
2262,37550,507627
2263,37564,507627
2264,37581,507627
2265,37597,507627
2266,37611,507627
2267,37633,507627
2268,37648,507627
2269,37663,507627
2270,37682,507639
2271,37695,507639
2272,37711,507639
2273,37726,507639
2274,37742,507639
2275,37760,507639
2276,37774,507639
2277,37788,507639
2278,37804,507639
2279,37818,507639
2280,37833,507639
2281,37849,507639
2282,37863,507639
2283,37878,507639
2284,37894,507639
2285,37907,507639
2286,37927,507639
2287,37941,507639
2288,37955,507639
2289,37970,507639
2290,37985,507639
2291,38002,507639
2292,38022,507639
2293,38042,507639
2294,38057,507639
2295,38082,507639
2296,38099,507639
2297,38114,507639
2298,38131,507639
2299,38147,507639
2300,38163,507639
2301,38178,507639
2302,38195,507917
2303,38211,507917
2304,38227,507917
2305,38251,507917
2306,38266,507917
2307,38281,507917
2308,38296,507917
2309,38312,507917
2310,38327,507917
2311,38341,507917
2312,38355,507917
2313,38370,507917
2314,38386,507917
2315,38401,507917
2316,38422,507917
2317,38437,507917
2318,38452,507917
2319,38470,507917
2320,38483,507917
2321,38499,507917
2322,38515,507917
2323,38532,507917
2324,38546,507917
2325,38561,507917
2326,38577,507917
2327,38594,507917
2328,38611,507917
2329,38628,507917
2330,38651,507917
2331,38667,507917
2332,38685,507917
2333,38707,507917
2334,38734,507917
2335,38755,507917
2336,38772,507917
2337,38787,507917
2338,38803,507917
2339,38818,507917
2340,38833,507917
2341,38849,507917
2342,38863,507917
2343,38878,507917
2344,38898,507917
2345,38912,507917
2346,38927,507917
2347,38942,507917
2348,38957,507917
2349,38973,507917
2350,38991,507917
2351,39006,507917
2352,39022,507917
2353,39037,507917
2354,39051,507917
2355,39066,508110
2356,39085,508110
2357,39099,508110
2358,39114,508110
2359,39128,508110
2360,39144,508110
2361,39163,508110
2362,39179,508110
2363,39195,508110
2364,39211,508110
2365,39226,508110
2366,39243,508110
2367,39263,508110
2368,39281,508110
2369,39296,508110
2370,39314,508110
2371,39329,508110
2372,39351,508110
2373,39366,508110
2374,39380,508110
2375,39393,508110
2376,39408,508110
2377,39424,508110
2378,39438,508110
2379,39454,508110
2380,39468,508110
2381,39483,508110
2382,39499,508110
2383,39514,508110
2384,39529,508110
2385,39545,508110
2386,39559,508110
2387,39574,508110
2388,39589,508110
2389,39602,508110
2390,39616,508110
2391,39630,508110
2392,39646,508110
2393,39661,508110
2394,39675,508110
2395,39689,508131
2396,39704,508131
2397,39719,508131
2398,39737,508131
2399,39758,508131
2400,39775,508131
2401,39799,508131
2402,39815,508131
2403,39832,508131
2404,39848,508131
2405,39864,508131
2406,39880,508131
2407,39895,508131
2408,39914,508131
2409,39928,508131
2410,39942,508131
2411,39959,508131
2412,39973,508131
2413,39988,508131
2414,40006,508131
2415,40020,508131
2416,40036,508131
2417,40051,508131
2418,40066,508131
2419,40080,508131
2420,40098,508131
2421,40112,508131
2422,40126,508131
2423,40143,508131
2424,40158,508131
2425,40173,508131
2426,40189,508131
2427,40203,508131
2428,40223,508131
2429,40237,508131
2430,40252,508131
2431,40271,508131
2432,40286,508131
2433,40301,508131
2434,40317,508131
2435,40338,508131
2436,40354,508131
2437,40369,508131
2438,40387,508131
2439,40402,508131
2440,40420,508131
2441,40436,508131
2442,40451,508131
2443,40467,508131
2444,40482,508131
2445,40498,508131
2446,40514,508131
2447,40536,508131
2448,40552,508131
2449,40567,508131
2450,40581,508131
2451,40599,508131
2452,40616,508131
2453,40633,508131
2454,40650,508131
2455,40669,508131
2456,40683,508131
2457,40699,508131
2458,40714,508131
2459,40729,508131
2460,40744,508131
2461,40761,508131
2462,40775,508131
2463,40791,508131
2464,40807,508131
2465,40821,508131
2466,40837,508131
2467,40852,508131
2468,40866,508131
2469,40882,508131
2470,40896,508131
2471,40912,508131
2472,40930,508131
2473,40946,508131
2474,40961,508131
2475,40977,508131
2476,40994,508131
2477,41008,508131
2478,41026,508131
2479,41044,508131
2480,41058,508131
2481,41073,508131
2482,41094,508131
2483,41108,508131
2484,41123,508131
2485,41138,508131
2486,41157,508131
2487,41178,508131
2488,41199,508131
2489,41221,508131
2490,41238,508131
2491,41252,508131
2492,41268,508131
2493,41283,508131
2494,41298,508131
2495,41313,508131
2496,41328,508131
2497,41342,508131
2498,41359,508131
2499,41375,508131
2500,41390,508131
2501,41404,508131
2502,41418,508131
2503,41433,508131
2504,41449,508131
2505,41463,508131
2506,41479,508131
2507,41501,508131
2508,41515,508131
2509,41537,508131
2510,41554,508131
2511,41576,508131
2512,41590,508131
2513,41609,508131
2514,41625,508131
2515,41643,508131
2516,41662,508131
2517,41676,508131
2518,41692,508131
2519,41708,508131
2520,41721,508131
2521,41736,508131
2522,41751,508131
2523,41767,508131
2524,41780,508131
2525,41797,508131
2526,41818,508131
2527,41839,508131
2528,41858,508131
2529,41873,508131
2530,41892,508131
2531,41915,508131
2532,41930,508131
2533,41945,508131
2534,41961,508131
2535,41975,508131
2536,41990,508131
2537,42012,508131
2538,42026,508131
2539,42042,508131
2540,42056,508131
2541,42073,508131
2542,42088,508131
2543,42102,508131
2544,42117,508131
2545,42133,508131
2546,42148,508131
2547,42165,508131
2548,42181,508131
2549,42199,508131
2550,42215,508131
2551,42229,508131
2552,42245,508131
2553,42259,508131
2554,42276,508131
2555,42291,508131
2556,42305,508131
2557,42321,508131
2558,42341,508131
2559,42354,508131
2560,42369,508131
2561,42384,508131
2562,42398,508131
2563,42412,508131
2564,42427,508131
2565,42441,508131
2566,42456,508131
2567,42477,508131
2568,42491,508131
2569,42511,508131
2570,42528,508131
2571,42541,508131
2572,42557,508131
2573,42571,508131
2574,42587,508131
2575,42602,508131
2576,42618,508131
2577,42632,508131
2578,42650,508131
2579,42667,508131
2580,42693,508131
2581,42708,508131
2582,42723,508131
2583,42739,508131
2584,42755,508131
2585,42771,508131
2586,42788,508131
2587,42808,508131
2588,42823,508131
2589,42839,508131
2590,42855,508131
2591,42871,508131
2592,42888,508131
2593,42902,508131
2594,42917,508131
2595,42931,508131
2596,42946,508131
2597,42959,508131
2598,42974,508131
2599,42989,508131
2600,43004,508131
2601,43019,508131
2602,43041,508131
2603,43054,508131
2604,43068,508131
2605,43084,508131
2606,43099,508131
2607,43114,508131
2608,43128,508131
2609,43145,508131
2610,43167,508131
2611,43180,508131
2612,43201,508131
2613,43215,508131
2614,43232,508131
2615,43257,508131
2616,43275,508131
2617,43291,508131
2618,43310,508131
2619,43327,508131
2620,43342,508131
2621,43358,508131
2622,43382,508131
2623,43398,508131
2624,43413,508131
2625,43428,508131
2626,43443,508131
2627,43457,508131
2628,43476,508131
2629,43492,508131
2630,43516,508131
2631,43530,508131
2632,43545,508131
2633,43559,508131
2634,43575,508131
2635,43592,508131
2636,43606,508131
2637,43621,508131
2638,43635,508131
2639,43652,508131
2640,43666,508131
2641,43681,508131
2642,43697,508131
2643,43711,508131
2644,43726,508131
2645,43746,508131
2646,43761,508131
2647,43774,508131
2648,43793,508131
2649,43808,508131
2650,43822,508131
2651,43836,508131
2652,43859,508131
2653,43875,508131
2654,43893,508131
2655,43910,508131
2656,43925,508131
2657,43942,508131
2658,43957,508131
2659,43976,508131
2660,43997,508131
2661,44020,508131
2662,44046,508131
2663,44062,508131
2664,44078,508131
2665,44094,508131
2666,44109,508131
2667,44124,508131
2668,44138,508131
2669,44154,508131
2670,44169,508131
2671,44184,508131
2672,44200,508131
2673,44217,508131
2674,44231,508131
2675,44252,508131
2676,44266,508131
2677,44281,508131
2678,44297,508131
2679,44314,508131
2680,44330,508131
2681,44349,508131
2682,44365,508131
2683,44380,508131
2684,44394,508131
2685,44415,508131
2686,44431,508131
2687,44448,508131
2688,44463,508131
2689,44479,508131
2690,44494,508131
2691,44513,508131
2692,44530,508131
2693,44547,508131
2694,44569,508131
2695,44590,508131
2696,44605,508131
2697,44620,508131
2698,44637,508131
2699,44656,508131
2700,44672,508131
2701,44692,508131
2702,44706,508131
2703,44721,508131
2704,44735,508131
2705,44751,508131
2706,44766,508131
2707,44781,508131
2708,44794,508131
2709,44810,508131
2710,44825,508131
2711,44839,508131
2712,44854,508131
2713,44869,508131
2714,44883,508131
2715,44898,508131
2716,44914,508131
2717,44928,508131
2718,44943,508131
2719,44956,508131
2720,44971,508131
2721,44986,508131
2722,45002,508131
2723,45019,508131
2724,45036,508131
2725,45052,508131
2726,45068,508131
2727,45089,508131
2728,45104,508131
2729,45127,508131
2730,45143,508131
2731,45160,508131
2732,45175,508131
2733,45191,508131
2734,45206,508131
2735,45221,508131
2736,45235,508131
2737,45251,508131
2738,45266,508131
2739,45279,508131
2740,45294,508131
2741,45310,508131
2742,45325,508131
2743,45339,508131
2744,45354,508131
2745,45373,508131
2746,45387,508131
2747,45402,508131
2748,45418,508131
2749,45434,508131
2750,45458,508131
2751,45474,508131
2752,45489,508131
2753,45506,508131
2754,45521,508131
2755,45537,508131
2756,45556,508131
2757,45569,508131
2758,45585,508131
2759,45599,508131
2760,45615,508131
2761,45639,508131
2762,45662,508131
2763,45679,508131
2764,45694,508131
2765,45712,508131
2766,45729,508131
2767,45746,508131
2768,45762,508131
2769,45778,508131
2770,45795,508131
2771,45809,508131
2772,45824,508131
2773,45837,508131
2774,45853,508131
2775,45867,508131
2776,45881,508131
2777,45896,508131
2778,45912,508131
2779,45927,508131
2780,45943,508131
2781,45958,508131
2782,45976,508131
2783,45993,508131
2784,46010,508131
2785,46027,508131
2786,46045,508131
2787,46064,508131
2788,46081,508131
2789,46095,508131
2790,46110,508131
2791,46126,508131
2792,46143,508131
2793,46158,508131
2794,46174,508131
2795,46187,508131
2796,46203,508131
2797,46220,508131
2798,46235,508131
2799,46253,508131
2800,46280,508131
2801,46296,508131
2802,46313,508131
2803,46329,508131
2804,46348,508131
2805,46368,508131
2806,46383,508131
2807,46399,508131
2808,46414,508131
2809,46431,508131
2810,46446,508131
2811,46467,508131
2812,46481,508131
2813,46497,508131
2814,46513,508131
2815,46537,508131
2816,46552,508131
2817,46569,508131
2818,46593,508131
2819,46619,508131
2820,46647,508131
2821,46667,508131
2822,46686,508131
2823,46707,508131
2824,46725,508131
2825,46739,508131
2826,46755,508131
2827,46770,508131
2828,46787,508131
2829,46801,508131
2830,46818,508131
2831,46842,508131
2832,46858,508131
2833,46875,508131
2834,46891,508131
2835,46907,508131
2836,46929,508131
2837,46945,508131
2838,46962,508131
2839,46977,508131
2840,46993,508131
2841,47015,508131
2842,47029,508131
2843,47048,508131
2844,47064,508131
2845,47080,508131
2846,47095,508131
2847,47110,508131
2848,47125,508131
2849,47140,508131
2850,47156,508131
2851,47171,508131
2852,47186,508131
2853,47201,508131
2854,47215,508131
2855,47236,508131
2856,47253,508131
2857,47268,508131
2858,47289,508131
2859,47305,508131
2860,47318,508131
2861,47333,508131
2862,47348,508131
2863,47362,508131
2864,47377,508131
2865,47393,508131
2866,47410,508131
2867,47426,508131
2868,47447,508131
2869,47465,508131
2870,47480,508131
2871,47505,508131
2872,47521,508131
2873,47540,508131
2874,47558,508131
2875,47574,508131
2876,47591,508131
2877,47608,508131
2878,47622,508131
2879,47638,508131
2880,47657,508131
2881,47672,508131
2882,47687,508131
2883,47700,508131
2884,47717,508131
2885,47732,508131
2886,47747,508131
2887,47761,508131
2888,47782,508131
2889,47798,508131
2890,47813,508131
2891,47827,508131
2892,47843,508131
2893,47860,508131
2894,47873,508131
2895,47888,508131
2896,47903,508131
2897,47924,508131
2898,47937,508131
2899,47952,508131
2900,47968,508131
2901,47983,508131
2902,47998,508131
2903,48016,508131
2904,48033,508131
2905,48050,508131
2906,48067,508131
2907,48082,508131
2908,48099,508131
2909,48114,508131
2910,48130,508131
2911,48145,508131
2912,48160,508131
2913,48182,508131
2914,48201,508131
2915,48215,508131
2916,48232,508131
2917,48248,508131
2918,48263,508131
2919,48278,508131
2920,48294,508131
2921,48309,508131
2922,48327,508131
2923,48343,508131
2924,48357,508131
2925,48372,508131
2926,48387,508131
2927,48401,508131
2928,48418,508131
2929,48433,508131
2930,48447,508131
2931,48463,508131
2932,48483,508131
2933,48499,508131
2934,48514,508131
2935,48531,508131
2936,48545,508131
2937,48561,508131
2938,48577,508131
2939,48595,508131
2940,48610,508131
2941,48626,508131
2942,48651,508131
2943,48670,508131
2944,48689,508131
2945,48707,508131
2946,48732,508131
2947,48753,508131
2948,48772,508131
2949,48788,508131
2950,48809,508131
2951,48829,508131
2952,48846,508131
2953,48860,508131
2954,48875,508131
2955,48891,508131
2956,48905,508131
2957,48919,508131
2958,48934,508131
2959,48948,508131
2960,48963,508131
2961,48980,508131
2962,48994,508131
2963,49011,508131
2964,49025,508131
2965,49040,508131
2966,49055,508131
2967,49076,508131
2968,49091,508131
2969,49106,508131
2970,49122,508131
2971,49138,508131
2972,49152,508131
2973,49169,508131
2974,49184,508131
2975,49200,508131
2976,49214,508131
2977,49231,508131
2978,49251,508131
2979,49276,508131
2980,49293,508131
2981,49317,508131
2982,49333,508131
2983,49350,508131
2984,49370,508131
2985,49387,508131
2986,49403,508131
2987,49422,508131
2988,49438,508131
2989,49459,508131
2990,49474,508131
2991,49489,508131
2992,49505,508131
2993,49522,508131
2994,49538,508131
2995,49553,508131
2996,49567,508131
2997,49582,508131
2998,49597,508131
2999,49612,508131
3000,49628,508131
3001,49643,508131
3002,49657,508131
3003,49670,508131
3004,49696,508131
3005,49711,508131
3006,49728,508131
3007,49744,508131
3008,49758,508131
3009,49772,508131
3010,49787,508131
3011,49802,508131
3012,49817,508131
3013,49831,508131
3014,49845,508131
3015,49863,508131
3016,49881,508131
3017,49900,508131
3018,49917,508131
3019,49934,508131
3020,49954,508131
3021,49969,508131
3022,49986,508131
3023,50001,508131
3024,50017,508131
3025,50035,508131
3026,50051,508131
3027,50067,508131
3028,50084,508131
3029,50097,508131
3030,50115,508131
3031,50135,508131
3032,50153,508131
3033,50166,508131
3034,50187,508131
3035,50203,508131
3036,50216,508131
3037,50232,508131
3038,50248,508131
3039,50264,508131
3040,50279,508131
3041,50296,508131
3042,50317,508131
3043,50332,508131
3044,50348,508131
3045,50363,508131
3046,50379,508131
3047,50394,508131
3048,50409,508131
3049,50424,508131
3050,50439,508131
3051,50456,508131
3052,50468,508131
3053,50487,508131
3054,50505,508131
3055,50527,508131
3056,50543,508131
3057,50558,508131
3058,50581,508131
3059,50598,508131
3060,50613,508131
3061,50635,508131
3062,50653,508131
3063,50669,508131
3064,50684,508131
3065,50700,508131
3066,50714,508131
3067,50729,508131
3068,50743,508131
3069,50758,508131
3070,50774,508131
3071,50789,508131
3072,50804,508131
3073,50819,508131
3074,50833,508131
3075,50849,508131
3076,50863,508131
3077,50879,508131
3078,50894,508131
3079,50908,508131
3080,50922,508131
3081,50936,508131
3082,50952,508131
3083,50967,508131
3084,50981,508131
3085,50996,508131
3086,51016,508131
3087,51031,508131
3088,51045,508131
3089,51060,508131
3090,51075,508131
3091,51089,508131
3092,51113,508131
3093,51129,508131
3094,51145,508131
3095,51162,508131
3096,51178,508131
3097,51202,508131
3098,51222,508131
3099,51237,508131
3100,51254,508131
3101,51277,508131
3102,51295,508131
3103,51310,508131
3104,51325,508131
3105,51340,508131
3106,51356,508131
3107,51369,508131
3108,51383,508131
3109,51398,508131
3110,51413,508131
3111,51428,508131
3112,51441,508131
3113,51465,508131
3114,51485,508131
3115,51519,508131
3116,51536,508131
3117,51554,508131
3118,51575,508131
3119,51590,508131
3120,51603,508131
3121,51619,508131
3122,51635,508131
3123,51658,508131
3124,51673,508131
3125,51688,508131
3126,51703,508131
3127,51718,508131
3128,51734,508131
3129,51748,508131
3130,51764,508131
3131,51781,508131
3132,51795,508131
3133,51814,508131
3134,51832,508131
3135,51850,508131
3136,51866,508131
3137,51882,508131
3138,51897,508131
3139,51913,508131
3140,51928,508131
3141,51941,508131
3142,51960,508131
3143,51977,508131
3144,51990,508131
3145,52007,508131
3146,52024,508131
3147,52039,508131
3148,52054,508131
3149,52071,508131
3150,52086,508131
3151,52102,508131
3152,52115,508131
3153,52130,508131
3154,52153,508131
3155,52168,508131
3156,52190,508131
3157,52205,508131
3158,52219,508131
3159,52234,508131
3160,52249,508131
3161,52270,508131
3162,52285,508131
3163,52308,508131
3164,52324,508131
3165,52339,508131
3166,52355,508131
3167,52377,508131
3168,52395,508131
3169,52424,508131
3170,52443,508131
3171,52457,508131
3172,52472,508131
3173,52488,508131
3174,52503,508131
3175,52519,508131
3176,52534,508131
3177,52548,508131
3178,52563,508131
3179,52577,508131
3180,52592,508131
3181,52606,508131
3182,52622,508131
3183,52637,508131
3184,52658,508131
3185,52675,508131
3186,52689,508131
3187,52703,508131
3188,52717,508131
3189,52732,508131
3190,52747,508131
3191,52760,508131
3192,52775,508131
3193,52790,508131
3194,52804,508131
3195,52819,508131
3196,52846,508131
3197,52894,508131
3198,52921,508131
3199,52951,508131
3200,52980,508131
3201,53011,508131
3202,53042,508131
3203,53057,508131
3204,53073,508131
3205,53088,508131
3206,53103,508131
3207,53117,508131
3208,53132,508131
3209,53148,508131
3210,53163,508131
3211,53178,508131
3212,53192,508131
3213,53207,508131
3214,53221,508131
3215,53237,508131
3216,53253,508131
3217,53270,508131
3218,53286,508131
3219,53307,508131
3220,53321,508131
3221,53337,508131
3222,53352,508131
3223,53368,508131
3224,53382,508131
3225,53398,508131
3226,53413,508131
3227,53428,508131
3228,53450,508131
3229,53465,508131
3230,53483,508131
3231,53502,508131
3232,53523,508131
3233,53538,508131
3234,53556,508131
3235,53573,508131
3236,53590,508131
3237,53608,508131
3238,53623,508131
3239,53640,508131
3240,53656,508131
3241,53675,508131
3242,53689,508131
3243,53703,508131
3244,53726,508131
3245,53741,508131
3246,53756,508131
3247,53771,508131
3248,53785,508131
3249,53800,508131
3250,53815,508131
3251,53829,508131
3252,53845,508131
3253,53923,508131
3254,53938,508131
3255,53959,508131
3256,53974,508131
3257,53988,508131
3258,54004,508131
3259,54019,508131
3260,54038,508131
3261,54053,508131
3262,54068,508131
3263,54083,508131
3264,54097,508131
3265,54117,508131
3266,54142,508131
3267,54157,508131
3268,54173,508131
3269,54189,508131
3270,54204,508131
3271,54219,508131
3272,54236,508131
3273,54252,508131
3274,54269,508131
3275,54287,508131
3276,54303,508131
3277,54317,508131
3278,54332,508131
3279,54352,508131
3280,54368,508131
3281,54382,508131
3282,54396,508131
3283,54412,508131
3284,54426,508131
3285,54439,508131
3286,54452,508131
3287,54468,508131
3288,54487,508131
3289,54501,508131
3290,54516,508131
3291,54531,508131
3292,54545,508131
3293,54560,508131
3294,54574,508131
3295,54588,508131
3296,54602,508131
3297,54618,508131
3298,54632,508131
3299,54646,508131
3300,54661,508131
3301,54676,508131
3302,54691,508131
3303,54707,508131
3304,54724,508131
3305,54740,508131
3306,54755,508131
3307,54769,508131
3308,54785,508131
3309,54810,508131
3310,54826,508131
3311,54841,508131
3312,54863,508131
3313,54879,508131
3314,54892,508131
3315,54907,508131
3316,54920,508131
3317,54934,508131
3318,54949,508131
3319,54963,508131
3320,54980,508131
3321,54994,508131
3322,55011,508131
3323,55024,508131
3324,55039,508131
3325,55056,508131
3326,55070,508131
3327,55085,508131
3328,55106,508131
3329,55130,508131
3330,55151,508131
3331,55171,508131
3332,55185,508131
3333,55200,508131
3334,55214,508131
3335,55230,508131
3336,55249,508131
3337,55275,508131
3338,55290,508131
3339,55304,508131
3340,55322,508131
3341,55339,508131
3342,55362,508131
3343,55380,508131
3344,55400,508131
3345,55416,508131
3346,55433,508131
3347,55451,508131
3348,55465,508131
3349,55486,508131
3350,55503,508131
3351,55526,508131
3352,55542,508131
3353,55557,508131
3354,55571,508131
3355,55587,508131
3356,55601,508131
3357,55617,508131
3358,55632,508131
3359,55648,508131
3360,55663,508131
3361,55678,508131
3362,55693,508131
3363,55707,508131
3364,55752,508131
3365,55766,508131
3366,55781,508131
3367,55800,508131
3368,55816,508131
3369,55831,508131
3370,55850,508131
3371,55865,508131
3372,55879,508131
3373,55893,508131
3374,55907,508131
3375,55925,508131
3376,55941,508131
3377,55962,508131
3378,55976,508131
3379,55993,508131
3380,56007,508131
3381,56022,508131
3382,56044,508131
3383,56061,508131
3384,56077,508131
3385,56091,508131
3386,56108,508131
3387,56121,508131
3388,56136,508131
3389,56152,508131
3390,56167,508131
3391,56185,508131
3392,56199,508131
3393,56214,508131
3394,56229,508131
3395,56243,508131
3396,56260,508131
3397,56280,508131
3398,56295,508131
3399,56312,508131
3400,56332,508131
3401,56347,508131
3402,56362,508131
3403,56378,508131
3404,56393,508131
3405,56410,508131
3406,56424,508131
3407,56447,508131
3408,56464,508131
3409,56479,508131
3410,56498,508131
3411,56516,508131
3412,56533,508131
3413,56552,508131
3414,56573,508131
3415,56589,508131
3416,56615,508131
3417,56630,508131
3418,56648,508131
3419,56665,508131
3420,56684,508131
3421,56703,508131
3422,56718,508131
3423,56734,508131
3424,56747,508131
3425,56769,508131
3426,56783,508131
3427,56798,508131
3428,56813,508131
3429,56829,508131
3430,56841,508131
3431,56858,508131
3432,56873,508131
3433,56887,508131
3434,56901,508131
3435,56916,508131
3436,56930,508131
3437,56944,508131
3438,56959,508131
3439,56974,508131
3440,56988,508131
3441,57006,508131
3442,57020,508131
3443,57036,508131
3444,57056,508131
3445,57072,508131
3446,57094,508131
3447,57110,508131
3448,57123,508131
3449,57139,508131
3450,57154,508131
3451,57173,508131
3452,57196,508131
3453,57221,508131
3454,57245,508131
3455,57266,508131
3456,57285,508131
3457,57303,508131
3458,57326,508131
3459,57344,508131
3460,57360,508131
3461,57378,508131
3462,57393,508131
3463,57408,508131
3464,57423,508131
3465,57437,508131
3466,57453,508131
3467,57468,508131
3468,57484,508131
3469,57501,508131
3470,57524,508131
3471,57538,508131
3472,57553,508131
3473,57568,508131
3474,57582,508131
3475,57599,508131
3476,57612,508131
3477,57627,508131
3478,57644,508131
3479,57658,508131
3480,57674,508131
3481,57687,508131
3482,57702,508131
3483,57715,508131
3484,57730,508131
3485,57743,508131
3486,57758,508131
3487,57774,508131
3488,57788,508131
3489,57804,508131
3490,57820,508131
3491,57840,508131
3492,57857,508131
3493,57879,508131
3494,57894,508131
3495,57908,508131
3496,57925,508131
3497,57941,508131
3498,57955,508131
3499,57978,508131
3500,57995,508131
3501,58010,508131
3502,58026,508131
3503,58041,508131
3504,58054,508131
3505,58068,508131
3506,58082,508131
3507,58097,508131
3508,58110,508131
3509,58125,508131
3510,58140,508131
3511,58155,508131
3512,58170,508131
3513,58187,508131
3514,58202,508131
3515,58215,508131
3516,58229,508131
3517,58243,508131
3518,58257,508131
3519,58271,508131
3520,58287,508131
3521,58304,508131
3522,58319,508131
3523,58333,508131
3524,58347,508131
3525,58367,508131
3526,58381,508131
3527,58395,508131
3528,58409,508131
3529,58430,508131
3530,58451,508131
3531,58466,508131
3532,58481,508131
3533,58497,508131
3534,58514,508131
3535,58532,508131
3536,58549,508131
