Generation number, Milliseconds from start, Fitness
0,38841661,38250
1,38841671,38250
2,38841960,61700
3,38842648,61700
4,38843047,61700
5,38843441,69035
6,38843904,74788
7,38844430,74788
8,38844891,83751
9,38845389,103267
10,38845926,103267
11,38846482,103267
12,38847110,123495
13,38847860,123495
14,38848542,131574
15,38849185,131574
16,38849900,136834
17,38850672,144473
18,38851509,177071
19,38852390,177071
20,38853255,177071
21,38854206,177071
22,38855326,177071
23,38856431,177071
24,38857568,177071
25,38858732,179152
26,38860105,185972
27,38861479,185972
28,38862933,188271
29,38864320,188271
30,38865769,194077
31,38867539,194077
32,38869168,194077
33,38870851,194077
34,38872741,194077
35,38874562,194077
36,38876349,195740
37,38878176,195740
38,38880087,195740
39,38882006,195740
40,38883992,195740
41,38886045,195740
42,38888131,195740
43,38890252,199294
44,38892028,199294
45,38894207,205031
46,38896258,205031
47,38898567,205031
48,38900672,205031
49,38902880,205031
50,38904965,206529
51,38907053,211967
52,38909208,211967
53,38911432,211967
54,38913814,212247
55,38916109,212247
56,38918141,212247
57,38920529,219135
58,38922824,219135
59,38925210,219135
60,38927066,219135
61,38929281,219135
62,38931537,219135
63,38933774,219135
64,38936044,219135
65,38938307,219135
66,38940517,219135
67,38942686,219135
68,38945092,219135
69,38947554,219135
70,38949939,219135
71,38952325,219135
72,38954526,219135
73,38956617,219135
74,38958955,219135
75,38961170,219135
76,38963624,220929
77,38965694,220929
78,38968104,220929
79,38970337,220929
80,38972613,220929
81,38975126,220929
82,38977347,225558
83,38979717,225558
84,38981981,225558
85,38984190,225558
86,38986546,225558
87,38988822,225558
88,38991096,225558
89,38993707,225558
90,38996023,229259
91,38998156,229259
92,39000643,229259
93,39002819,229259
94,39005204,229259
95,39007516,229259
96,39009833,229259
97,39012046,229259
98,39014539,229259
99,39016937,229259
100,39019288,230033
101,39021697,230033
102,39024035,230033
103,39026686,230033
104,39028866,230033
105,39031565,230033
106,39033583,231321
107,39036213,231321
108,39038487,231374
109,39041045,231374
110,39043379,234187
111,39045723,234187
112,39048349,234187
113,39050980,234187
114,39053219,234187
115,39055546,234187
116,39057848,234187
117,39060393,234187
118,39062811,234187
119,39065163,234187
120,39067659,234187
121,39069892,234187
122,39072026,234904
123,39074417,234904
124,39076737,234904
125,39079049,234904
126,39081590,234938
127,39084439,234938
128,39086869,234938
129,39089330,234938
130,39091725,234938
131,39094172,234938
132,39096706,235140
133,39099167,235528
134,39101276,238648
135,39103965,238648
136,39106364,238648
137,39109085,238648
138,39111660,238648
139,39114349,238648
140,39116897,239325
141,39119467,239325
142,39121945,239325
143,39124454,239325
144,39126784,239325
145,39129387,239325
146,39131735,239325
147,39134355,239325
148,39136957,239325
149,39139443,239987
150,39142078,239987
151,39144535,239987
152,39147430,239987
153,39149946,239987
154,39152749,239987
155,39155236,239987
156,39157753,242445
157,39160282,242445
158,39162677,242445
159,39165304,242445
160,39168069,242445
161,39170715,242445
162,39173159,242445
163,39175529,242445
164,39178069,242844
165,39180535,242844
166,39182956,242844
167,39185565,242844
168,39187925,242844
169,39190394,242844
170,39192822,243865
171,39195619,243865
172,39198060,243865
173,39200565,243865
174,39203101,243865
175,39205680,243865
176,39207917,243865
177,39210453,243865
178,39213225,243865
179,39215822,243865
180,39218216,243865
181,39220801,245616
182,39223404,245616
183,39226040,245616
184,39228554,245616
185,39230887,245616
186,39233541,245616
187,39235835,245616
188,39238651,245616
189,39241192,245616
190,39243819,245616
191,39246339,245616
192,39248879,245616
193,39251289,245616
194,39253787,245754
195,39256295,245754
196,39258888,245754
197,39261570,245935
198,39263909,245935
199,39266522,245935
200,39269373,246505
201,39272011,246639
202,39274483,246639
203,39277105,246639
204,39279860,246639
205,39282330,246639
206,39284864,250866
207,39287562,250866
208,39290223,250866
209,39292756,250866
210,39295501,250866
211,39297905,250866
212,39300636,250866
213,39303561,250866
214,39306147,250866
215,39308795,250866
216,39311758,250866
217,39314478,250866
218,39316914,251533
219,39319669,251533
220,39322517,251533
221,39325149,251533
222,39328034,251533
223,39330428,251533
224,39333302,251533
225,39336076,251533
226,39338839,251533
227,39341438,252719
228,39344136,252719
229,39347194,252719
230,39349789,252719
231,39352627,253593
232,39355243,253593
233,39357958,253593
234,39360490,253593
235,39363370,253593
236,39366135,253593
237,39368933,253593
238,39372127,253593
239,39375290,253593
240,39377807,253593
241,39380662,253593
242,39383499,253593
243,39386468,253593
244,39389170,253593
245,39392499,253593
246,39395509,253593
247,39398231,253593
248,39400883,253593
249,39403600,253593
250,39406388,253593
251,39409557,254295
252,39412190,256927
253,39414678,256927
254,39417599,256927
255,39420155,256927
256,39422949,256927
257,39425628,256927
258,39428173,256927
259,39430979,256927
260,39433793,256927
261,39436258,256927
262,39439212,256927
263,39441966,256927
264,39444822,256927
265,39447428,256927
266,39450324,258502
267,39452826,258502
268,39455654,258502
269,39458431,258502
270,39461360,258502
271,39463973,258502
272,39466993,258502
273,39470028,258502
274,39472999,258502
275,39475896,258502
276,39478887,258502
277,39481775,258502
278,39484508,258502
279,39487576,259113
280,39490405,259113
281,39493324,259113
282,39496273,259113
283,39499308,259113
284,39502221,259113
285,39505056,259113
286,39508096,259113
287,39510857,259113
288,39513745,259113
289,39516891,259113
290,39519654,259154
291,39522503,259154
292,39525252,259154
293,39528268,259154
294,39531030,259177
295,39533922,259651
296,39536798,259651
297,39539931,259651
298,39542563,259651
299,39545525,259976
300,39548493,259976
301,39551219,259976
302,39554045,259976
303,39556848,259976
304,39559568,259976
305,39562164,259976
306,39565072,259976
307,39567961,260687
308,39570482,260687
309,39573533,260687
310,39576419,260687
311,39579206,260687
312,39582223,260687
313,39584963,260687
314,39588215,261515
315,39591034,261515
316,39593871,261515
317,39596886,261515
318,39599574,261515
319,39602578,261515
320,39605320,261515
321,39608186,261515
322,39611104,261515
323,39613622,261515
324,39616628,261515
325,39619492,261515
326,39622038,261515
327,39624818,261770
328,39627731,261770
329,39630407,261770
330,39633397,261770
331,39636084,261770
332,39639231,261820
333,39642086,261820
334,39644820,262049
335,39647773,262233
336,39650539,262277
337,39653168,262277
338,39656112,262277
339,39658343,262959
340,39661231,262959
341,39663710,262959
342,39666656,262959
343,39669472,262959
344,39672263,262959
345,39675125,263370
346,39677993,263370
347,39680762,263370
348,39683501,263623
349,39686489,263623
350,39689428,263623
351,39692389,263623
352,39695001,263623
353,39697726,263623
354,39700547,263623
355,39703586,264947
356,39706385,264947
357,39708965,264947
358,39711659,264947
359,39714363,264947
360,39717243,266938
361,39720168,266938
362,39722741,266938
363,39725343,266938
364,39728152,266938
365,39730975,266938
366,39733764,266938
367,39736546,266938
368,39739739,266938
369,39742731,266938
370,39745545,266938
371,39747948,266938
372,39751136,266938
373,39753944,266938
374,39756548,266938
375,39759556,266938
376,39762139,266938
377,39765175,267154
378,39767700,267154
379,39770584,267154
380,39773764,267686
381,39776490,267686
382,39779345,267686
383,39782110,267686
384,39784807,267686
385,39787521,267686
386,39790189,268892
387,39793083,268892
388,39795959,268892
389,39798545,268892
390,39801323,268892
391,39804154,268892
392,39806850,268892
393,39809741,268892
394,39812764,268892
395,39815622,270097
396,39818513,270097
397,39821421,270097
398,39823959,270097
399,39827070,270097
400,39829898,270097
401,39832769,270097
402,39835591,270097
403,39838264,270097
404,39841148,270638
405,39844065,270638
406,39846856,270638
407,39849777,270638
408,39852543,270638
409,39855632,270638
410,39858356,270647
411,39861157,270647
412,39863892,271054
413,39867023,271054
414,39869895,274971
415,39872459,274971
416,39875260,274971
417,39878050,274971
418,39881038,274971
419,39884053,274971
420,39886665,274971
421,39889377,274971
422,39892416,274971
423,39895108,274971
424,39897898,274971
425,39900886,274971
426,39903779,274971
427,39906654,274971
428,39909518,274971
429,39912689,274971
430,39915430,274971
431,39918256,274971
432,39921092,274971
433,39924246,274971
434,39926926,274971
435,39929919,274971
436,39933475,274971
437,39936182,274971
438,39939155,276447
439,39942049,276447
440,39945139,277120
441,39948180,277120
442,39951204,277120
443,39953942,277120
444,39956793,277120
445,39959631,277407
446,39962606,277407
447,39965691,277407
448,39968583,277407
449,39971555,277407
450,39974329,277407
451,39977119,277407
452,39980376,277407
453,39983130,277806
454,39986158,277806
455,39988996,277806
456,39992350,279644
457,39995130,279644
458,39998216,279644
459,40001162,279644
460,40003809,280992
461,40006984,280992
462,40010096,280992
463,40013418,280992
464,40016276,280992
465,40019208,280992
466,40022557,280992
467,40025390,280992
468,40028453,280992
469,40031292,280992
470,40034459,280992
471,40037675,280992
472,40040418,280992
473,40043293,280992
474,40046662,280992
475,40049583,280992
476,40052500,280992
477,40055259,280992
478,40058195,280992
479,40061314,280992
480,40064199,280992
481,40067499,280992
482,40070522,280992
483,40073461,281705
484,40076397,281705
485,40079440,281705
486,40082599,281933
487,40085571,281933
488,40088500,281933
489,40091579,281933
490,40094814,281933
491,40097954,281933
492,40100793,281933
493,40103719,281933
494,40106726,281933
495,40109890,281933
496,40112650,281933
497,40115662,281933
498,40118809,281933
499,40121763,281933
500,40124770,281933
501,40127706,281933
502,40130919,281933
503,40133765,281933
504,40136626,281933
505,40139677,281933
506,40142831,281933
507,40145822,281933
508,40148985,281933
509,40151823,281933
510,40155338,282340
511,40157929,282340
512,40160930,282340
513,40164016,282340
514,40167211,282340
515,40170335,282340
516,40173160,282436
517,40176267,282436
518,40179543,282436
519,40182596,282436
520,40185509,282436
521,40188387,283060
522,40191251,283060
523,40194470,283060
524,40197228,283060
525,40200170,283199
526,40203552,283199
527,40206313,283199
528,40209541,283199
529,40212506,283903
530,40215494,283903
531,40218393,283903
532,40221926,283903
533,40224774,283903
534,40227841,283903
535,40231201,283903
536,40233908,283903
537,40236764,283903
538,40240045,283903
539,40243013,283903
540,40246061,283903
541,40249076,283903
542,40252057,284759
543,40254982,284759
544,40258505,284759
545,40261434,284759
546,40264404,284759
547,40267690,284759
548,40270708,284759
549,40273601,284759
550,40276727,284759
551,40279587,284759
552,40283010,284759
553,40285911,284908
554,40288804,284908
555,40291780,284908
556,40294899,284908
557,40298173,284908
558,40301418,284908
559,40304467,285418
560,40307392,285418
561,40310155,285418
562,40313324,285418
563,40316435,285418
564,40319411,285418
565,40322282,285418
566,40325418,285418
567,40328350,285418
568,40331498,285929
569,40334569,285929
570,40337487,285929
571,40340885,285929
572,40343820,285929
573,40346936,285929
574,40350089,285929
575,40353092,285929
576,40356103,285929
577,40359441,286072
578,40362315,286072
579,40365559,286360
580,40368665,286440
581,40371749,286440
582,40375021,286486
583,40378175,286763
584,40381327,286763
585,40384560,286763
586,40387668,286763
587,40390787,287025
588,40394080,287025
589,40396788,287179
590,40399983,287179
591,40403467,287179
592,40406598,287179
593,40409739,287179
594,40412473,287179
595,40415994,287179
596,40418768,287179
597,40421655,287179
598,40424932,287479
599,40427882,287479
600,40430688,288145
601,40434382,288145
602,40437597,288145
603,40440731,288145
604,40443866,288145
605,40446951,288145
606,40449945,288148
607,40452999,288148
608,40456319,288148
609,40459323,289638
610,40462333,289638
611,40465414,289638
612,40468898,289638
613,40471904,289638
614,40474960,289638
615,40478290,289638
616,40481135,289638
617,40484490,289638
618,40487777,289638
619,40490936,289638
620,40494151,289638
621,40497479,289638
622,40500528,289638
623,40503305,289638
624,40506347,289638
625,40509893,289638
626,40512860,289638
627,40516021,289638
628,40519141,289688
629,40522491,289703
630,40525468,289908
631,40528845,289908
632,40532281,290115
633,40535115,290115
634,40538565,290383
635,40541682,290383
636,40545085,290383
637,40548174,290383
638,40551218,290383
639,40554253,290383
640,40557474,290383
641,40560870,290836
642,40563887,290836
643,40567066,290836
644,40570170,290836
645,40573631,291183
646,40576806,291183
647,40580110,291183
648,40582990,291183
649,40586130,291378
650,40589660,292137
651,40592707,292137
652,40595745,292137
653,40599124,292137
654,40602202,292137
655,40605217,292137
656,40608336,292161
657,40611595,292161
658,40614690,292161
659,40617802,292278
660,40620853,292278
661,40624358,292278
662,40627358,292779
663,40630962,293364
664,40633748,293364
665,40636967,296396
666,40640355,296396
667,40643063,296396
