Generation number, Milliseconds from start, Fitness
0,0,435389
1,90,435389
2,158,435389
3,221,435389
4,276,435389
5,325,435389
6,376,435389
7,427,436774
8,478,436774
9,539,436774
10,594,436774
11,656,436774
12,706,436774
13,753,436774
14,808,436774
15,866,442043
16,919,445178
17,982,445178
18,1045,447908
19,1110,448160
20,1170,448160
21,1219,448160
22,1274,448160
23,1318,448160
24,1367,449655
25,1416,449655
26,1467,449655
27,1513,451908
28,1564,451908
29,1615,451908
30,1666,458278
31,1716,458278
32,1762,458278
33,1808,458278
34,1866,458278
35,1913,468786
36,1964,468786
37,2015,468786
38,2074,468786
39,2140,468786
40,2191,468786
41,2240,468786
42,2299,468786
43,2344,468786
44,2392,468786
45,2443,468786
46,2491,468786
47,2541,468786
48,2588,468786
49,2646,468786
50,2705,468786
51,2760,468786
52,2807,468786
53,2854,468786
54,2907,468786
55,2957,474341
56,3017,474341
57,3085,474341
58,3138,474341
59,3192,474341
60,3241,474341
61,3287,474341
62,3343,474341
63,3391,474341
64,3440,474341
65,3487,474341
66,3542,474341
67,3604,474341
68,3651,474341
69,3701,474341
70,3750,474341
71,3799,474436
72,3857,474436
73,3917,474436
74,3967,474436
75,4011,474436
76,4060,474436
77,4115,474436
78,4169,474436
79,4216,474436
80,4269,474436
81,4327,474436
82,4376,474436
83,4428,474436
84,4478,474436
85,4527,474436
86,4577,474436
87,4628,474436
88,4679,474436
89,4724,478898
90,4785,478898
91,4838,478898
92,4893,478898
93,4943,478898
94,4999,478898
95,5049,478898
96,5105,478898
97,5166,478898
98,5216,478898
99,5265,478898
100,5334,478898
101,5385,478898
102,5433,478898
103,5489,478898
104,5539,478898
105,5594,478898
106,5643,478898
107,5691,478898
108,5741,478898
109,5790,478898
110,5853,478898
111,5906,478898
112,5956,478898
113,6012,478898
114,6058,478898
115,6106,478898
116,6167,478898
117,6226,478898
118,6289,478898
119,6341,478898
120,6410,478898
121,6465,478898
122,6517,478898
123,6566,478898
124,6614,478898
125,6667,478898
126,6715,478898
127,6765,478898
128,6828,478898
129,6887,478898
130,6949,478898
131,7001,478898
132,7056,478898
133,7101,478898
134,7154,478898
135,7202,480047
136,7257,480047
137,7327,484331
138,7385,484331
139,7432,484331
140,7493,484331
141,7548,484331
142,7595,484331
143,7649,484331
144,7698,484331
145,7750,484331
146,7799,484331
147,7848,484331
148,7897,484331
149,7961,484331
150,8019,484331
151,8076,484331
152,8128,484331
153,8178,484331
154,8225,484331
155,8273,484331
156,8324,484331
157,8369,484331
158,8418,484331
159,8465,484331
160,8512,484331
161,8576,484331
162,8628,487862
163,8679,487862
164,8728,487862
165,8783,487862
166,8836,487862
167,8892,487862
168,8950,487862
169,9003,487862
170,9051,487862
171,9106,487862
172,9164,487862
173,9210,487862
174,9264,487862
175,9307,487862
176,9353,487862
177,9413,487862
178,9473,487862
179,9522,487862
180,9569,487862
181,9618,487862
182,9684,487862
183,9735,487862
184,9786,487862
185,9835,487862
186,9891,487862
187,9944,487862
188,9995,487862
189,10049,487862
190,10097,487862
191,10160,487862
192,10209,487959
193,10263,487959
194,10313,487959
195,10366,489202
196,10412,489202
197,10460,489202
198,10510,489202
199,10569,489202
200,10631,489202
201,10687,489202
202,10738,489202
203,10783,489202
204,10831,489202
205,10888,489202
206,10940,489985
207,10989,489985
208,11041,489985
209,11095,489985
210,11152,489985
211,11207,492882
212,11263,492882
213,11319,492882
214,11367,492882
215,11425,492882
216,11482,492882
217,11540,492882
218,11604,492882
219,11668,492882
220,11737,492882
221,11797,492882
222,11846,492882
223,11896,492882
224,11944,492882
225,11995,492882
226,12046,492882
227,12097,492882
228,12150,492882
229,12200,492882
230,12261,492882
231,12312,492882
232,12368,492882
233,12438,492882
234,12496,492882
235,12546,492882
236,12596,492882
237,12650,492882
238,12709,492882
239,12784,492882
240,12840,492882
241,12901,492882
242,12949,492882
243,13019,492882
244,13079,492882
245,13137,492882
246,13199,492882
247,13251,492882
248,13308,492882
249,13379,492882
250,13447,492882
251,13521,492882
252,13582,492882
253,13637,492882
254,13693,492882
255,13751,492882
256,13798,492882
257,13851,492882
258,13920,492882
259,13966,492882
260,14013,492882
261,14071,492882
262,14129,492882
263,14178,492882
264,14228,492882
265,14277,492882
266,14324,492882
267,14376,492977
268,14448,492977
269,14506,492977
270,14553,492977
271,14642,492977
272,14800,492977
273,14853,492977
274,14981,492977
275,15038,492977
276,15087,492977
277,15142,492977
278,15192,492977
279,15245,492977
280,15295,492977
281,15352,492977
282,15399,492977
283,15445,492977
284,15495,492977
285,15552,492977
286,15603,492977
287,15657,492977
288,15704,492977
289,15752,492977
290,15807,492977
291,15861,492977
292,15913,492977
293,15982,493293
294,16036,494132
295,16098,494132
296,16158,494132
297,16208,494132
298,16282,494132
299,16333,494132
300,16400,494132
301,16446,494132
302,16523,494132
303,16580,494132
304,16632,494132
305,16695,494132
306,16750,494132
307,16824,494132
308,16877,494132
309,16942,494132
310,17004,494132
311,17060,494132
312,17113,494132
313,17174,494132
314,17230,494132
315,17286,494132
316,17334,494132
317,17381,494132
318,17441,494132
319,17502,494132
320,17550,494132
321,17599,494132
322,17664,494132
323,17717,494132
324,17774,494132
325,17823,494132
326,17877,494132
327,17926,494132
328,17982,494132
329,18032,494132
330,18093,494132
331,18155,494132
332,18208,494132
333,18269,494132
334,18317,494132
335,18377,494132
336,18423,494132
337,18477,494132
338,18524,494132
339,18584,494132
340,18647,494132
341,18699,494132
342,18746,494132
343,18797,494132
344,18854,494132
345,18914,494132
346,18966,494132
347,19026,494132
348,19073,495442
349,19125,495442
350,19177,495442
351,19233,495442
352,19289,495442
353,19342,495442
354,19390,495442
355,19435,495442
356,19489,495442
357,19542,495442
358,19599,495442
359,19648,495442
360,19695,495442
361,19770,495442
362,19839,495442
363,19892,495442
364,19964,495442
365,20012,495442
366,20080,495442
367,20131,495442
368,20177,495442
369,20224,495442
370,20281,495442
371,20336,495442
372,20390,495442
373,20438,498511
374,20490,498511
375,20544,498511
376,20622,498511
377,20674,498511
378,20741,498511
379,20793,498511
380,20848,498511
381,20902,498511
382,20968,498511
383,21032,498511
384,21080,498511
385,21138,498511
386,21185,498511
387,21232,498511
388,21277,498511
389,21336,498511
390,21399,498511
391,21453,498511
392,21504,498511
393,21552,498511
394,21604,498511
395,21660,498511
396,21711,498511
397,21784,498511
398,21845,498511
399,21911,499302
400,21961,499302
401,22017,499302
402,22086,499302
403,22149,499302
404,22216,499302
405,22272,499302
406,22334,499302
407,22381,499302
408,22425,499302
409,22473,499302
410,22539,499302
411,22601,499302
412,22655,499302
413,22707,499302
414,22756,499302
415,22803,499302
416,22850,499302
417,22907,499302
418,22966,499302
419,23018,499302
420,23080,499302
421,23130,499302
422,23177,499302
423,23226,499302
424,23289,499302
425,23346,499302
426,23403,499302
427,23485,499302
428,23541,499302
429,23591,499302
430,23645,499302
431,23703,499302
432,23762,499302
433,23814,499302
434,23884,499302
435,23932,499302
436,23979,499302
437,24029,499302
438,24093,499302
439,24152,499302
440,24198,499302
441,24249,499302
442,24296,499302
443,24351,499302
444,24419,499302
445,24471,499302
446,24528,499302
447,24581,499302
448,24639,499302
449,24696,499302
450,24752,499302
451,24818,501175
452,24870,501175
453,24920,501175
454,24994,501175
455,25041,501175
456,25109,501175
457,25170,501175
458,25233,501175
459,25286,501175
460,25337,501175
461,25388,501175
462,25439,501175
463,25498,501175
464,25551,501175
465,25608,501175
466,25665,501175
467,25721,501175
468,25781,501175
469,25828,501175
470,25873,501175
471,25926,501175
472,25984,501175
473,26045,501175
474,26091,501175
475,26145,501175
476,26200,501175
477,26256,501175
478,26310,501175
479,26357,501175
480,26408,501175
481,26467,501175
482,26523,501175
483,26582,501175
484,26633,501175
485,26685,501175
486,26742,501175
487,26799,501175
488,26851,501175
489,26900,501175
490,26951,501175
491,27038,501175
492,27086,501175
493,27138,501175
494,27191,501175
495,27242,501175
496,27304,501175
497,27353,501175
498,27400,501175
499,27449,501175
500,27505,501175
501,27559,501175
502,27606,501175
503,27652,501175
504,27698,501175
505,27755,501175
506,27818,501175
507,27872,501175
508,27921,501175
509,27969,501175
510,28026,501175
511,28087,501175
512,28150,501175
513,28199,502327
514,28251,502327
515,28324,502327
516,28386,502327
517,28437,502327
518,28491,502327
519,28555,502327
520,28605,502327
521,28669,502327
522,28721,502327
523,28770,502327
524,28832,502327
525,28880,502327
526,28944,502327
527,29000,502327
528,29048,502327
529,29097,502327
530,29147,502327
531,29201,502327
532,29257,502327
533,29303,502327
534,29352,502327
535,29405,502327
536,29461,502327
537,29523,502327
538,29578,502327
539,29624,502327
540,29676,502327
541,29723,502327
542,29775,502327
543,29845,502327
544,29896,502327
545,29966,502327
546,30023,502327
547,30077,502404
548,30133,502404
549,30182,502404
550,30229,502404
551,30276,502404
552,30329,502404
553,30403,502404
554,30455,502404
555,30497,502404
556,30553,502404
557,30616,502404
558,30671,502404
559,30720,502404
560,30771,502404
561,30839,502404
562,30891,502404
563,30939,502404
564,30986,502404
565,31042,502404
566,31098,502404
567,31156,502404
568,31218,502404
569,31273,502404
570,31320,502404
571,31375,502404
572,31422,502404
573,31471,502404
574,31524,502404
575,31576,502404
576,31624,502404
577,31673,502404
578,31736,502404
579,31788,502404
580,31837,502404
581,31886,503468
582,31961,503468
583,32014,503468
584,32066,503468
585,32118,503468
586,32172,503468
587,32229,503468
588,32298,503468
589,32342,503468
590,32393,503468
591,32446,503468
592,32500,503468
593,32569,503468
594,32617,503468
595,32669,503468
596,32718,503468
597,32780,503468
598,32834,503468
599,32882,503468
600,32930,503468
601,32985,503468
602,33041,503468
603,33097,503468
604,33145,503473
605,33195,503577
606,33255,503577
607,33327,503577
608,33384,503577
609,33438,503577
610,33490,503577
611,33550,503577
612,33618,503577
613,33678,503577
614,33730,503577
615,33784,503577
616,33842,503577
617,33889,503577
618,33933,503577
619,33982,503577
620,34059,503577
621,34123,503577
622,34171,503577
623,34232,503577
624,34283,503577
625,34337,503577
626,34387,503577
627,34440,503577
628,34495,503577
629,34564,503577
630,34610,503577
631,34662,503577
632,34730,503577
633,34779,503577
634,34840,503577
635,34894,503577
636,34950,503577
637,35006,503577
638,35053,503577
639,35102,503577
640,35155,503577
641,35202,503577
642,35264,503577
643,35309,503577
644,35361,503577
645,35416,503760
646,35467,503760
647,35521,503760
648,35582,503760
649,35628,503760
650,35676,503760
651,35725,503760
652,35783,503760
653,35844,503760
654,35889,503760
655,35952,503760
656,36013,503760
657,36063,503760
658,36117,503760
659,36168,503760
660,36218,503760
661,36274,503760
662,36330,503760
663,36375,503760
664,36423,503760
665,36489,503760
666,36543,503760
667,36591,503760
668,36644,503760
669,36699,503760
670,36746,503760
671,36808,503760
672,36852,503760
673,36900,503760
674,36944,503760
675,36987,503760
676,37066,503760
677,37111,503760
678,37166,503760
679,37227,503760
680,37287,503760
681,37332,503760
682,37378,503760
683,37420,504154
684,37476,504154
685,37526,504154
686,37583,504154
687,37639,504154
688,37692,504154
689,37736,504154
690,37786,504154
691,37845,504154
692,37892,504154
693,37937,504154
694,37985,504154
695,38047,504154
696,38097,504154
697,38145,504154
698,38197,504154
699,38242,504154
700,38289,504154
701,38354,504154
702,38409,504154
703,38454,504154
704,38498,504154
705,38544,504154
706,38610,504154
707,38673,504154
708,38737,504154
709,38788,504154
710,38838,504154
711,38907,504154
712,38974,504154
713,39041,504154
714,39087,504154
715,39139,504154
716,39196,504154
717,39251,504154
718,39302,504154
719,39369,504154
720,39413,504154
721,39465,504154
722,39519,504154
723,39572,504154
724,39618,504154
725,39663,504154
726,39716,504154
727,39770,504154
728,39824,504154
729,39876,504154
730,39925,504154
731,39972,504154
732,40022,504154
733,40069,504154
734,40118,504154
735,40164,504154
736,40210,504154
737,40268,504154
738,40320,504154
739,40376,504154
740,40431,504154
741,40499,504154
742,40556,504154
743,40604,504154
744,40655,504154
745,40701,504154
746,40748,504154
747,40802,504154
748,40856,504154
749,40909,504154
750,40973,504154
751,41021,504154
752,41067,504154
753,41114,504154
754,41179,504154
755,41239,504154
756,41284,504154
757,41335,504154
758,41408,504154
759,41456,504154
760,41504,504154
761,41550,504154
762,41602,504154
763,41652,504154
764,41700,504154
765,41749,504154
766,41805,504154
767,41849,504154
768,41895,504154
769,41939,504154
770,42004,504154
771,42054,504154
772,42101,504154
773,42157,504154
774,42208,504154
775,42256,504154
776,42307,504154
777,42366,504154
778,42413,504154
779,42458,504154
780,42518,504154
781,42575,504154
782,42629,504154
783,42678,504154
784,42741,504154
785,42806,504154
786,42854,504154
787,42900,504154
788,42959,504154
789,43016,504154
790,43081,504154
791,43130,504154
792,43182,504154
793,43227,504154
794,43286,504154
795,43337,504154
796,43384,504154
797,43431,504154
798,43478,504154
799,43530,504154
800,43587,504154
801,43647,504154
802,43705,504154
803,43777,504154
804,43826,504154
805,43900,504154
806,43956,504154
807,43999,504154
808,44044,504154
809,44101,504154
810,44159,504154
811,44206,504154
812,44254,504154
813,44307,504154
814,44352,504154
815,44405,504154
816,44471,504154
817,44524,504154
818,44575,504154
819,44639,504154
820,44693,504154
821,44747,504154
822,44811,504154
823,44875,504154
824,44944,504154
825,44996,504154
826,45059,504154
827,45120,504154
828,45169,504154
829,45238,504154
830,45296,504154
831,45342,504154
832,45394,504154
833,45444,504154
834,45511,504154
835,45575,504154
836,45621,504154
837,45671,504154
838,45729,504154
839,45789,504154
840,45846,504154
841,45892,504154
842,45957,504154
843,46022,504154
844,46069,504230
845,46114,504230
846,46172,504230
847,46230,504230
848,46291,504230
849,46349,504230
850,46399,504230
851,46455,504230
852,46505,504230
853,46560,504230
854,46619,504230
855,46675,504230
856,46726,504230
857,46782,504230
858,46829,504230
859,46882,504230
860,46931,504230
861,46983,504230
862,47035,504230
863,47082,504230
864,47136,504230
865,47193,504230
866,47243,504230
867,47286,504230
868,47332,504230
869,47388,504230
870,47443,504230
871,47488,504230
872,47540,504230
873,47592,504230
874,47642,504230
875,47687,504230
876,47732,504230
877,47788,504230
878,47837,504230
879,47883,504230
880,47953,504230
881,48011,504230
882,48058,504230
883,48103,504230
884,48150,504230
885,48220,504230
886,48277,504230
887,48322,504230
888,48372,504230
889,48447,504230
890,48500,504230
891,48555,504230
892,48601,504230
893,48647,504230
894,48695,504230
895,48755,504230
896,48805,504230
897,48852,504230
898,48901,504230
899,48957,504230
900,49011,504230
901,49068,504230
902,49121,504230
903,49178,504230
904,49238,504230
905,49285,504230
906,49334,504230
907,49400,504230
908,49447,504230
909,49506,504230
910,49557,504230
911,49616,504230
912,49674,504230
913,49722,504230
914,49772,504230
915,49833,504230
916,49881,504230
917,49938,504230
918,49987,504230
919,50035,504230
920,50083,504230
921,50161,504230
922,50224,504230
923,50276,504230
924,50340,504230
925,50418,504230
926,50466,504230
927,50516,504230
928,50598,504230
929,50648,504230
930,50696,504230
931,50744,504230
932,50801,504230
933,50856,504230
934,50908,504230
935,50958,504230
936,51042,504230
937,51090,504230
938,51143,504230
939,51191,504230
940,51254,504230
941,51308,504230
942,51361,504230
943,51409,504230
944,51477,504230
945,51528,504230
946,51575,504230
947,51641,504230
948,51688,504230
949,51737,504230
950,51790,504230
951,51840,504230
952,51895,504230
953,51952,504230
954,51997,504230
955,52047,504230
956,52101,504230
957,52148,504230
958,52201,504230
959,52257,504230
960,52305,504230
961,52359,504230
962,52410,504230
963,52458,504230
964,52512,504230
965,52556,504230
966,52608,504230
967,52670,504230
968,52717,504230
969,52774,504230
970,52822,504230
971,52877,504230
972,52934,504230
973,52980,504230
974,53030,504230
975,53081,504230
976,53128,504230
977,53182,504230
978,53235,504230
979,53292,504230
980,53338,504230
981,53384,504230
982,53458,504230
983,53508,504230
984,53554,504230
985,53607,504230
986,53666,504230
987,53712,504230
988,53781,504230
989,53826,504230
990,53875,504230
991,53927,504230
992,53980,504230
993,54036,504230
994,54089,504230
995,54140,504230
996,54188,504230
997,54243,504230
998,54296,504230
999,54356,504230
1000,54408,504230
1001,54456,504230
1002,54517,504230
1003,54574,504230
1004,54619,504230
1005,54664,504230
1006,54718,504230
1007,54775,504230
1008,54822,504230
1009,54874,504230
1010,54927,504230
1011,54973,504230
1012,55022,504230
1013,55081,504230
1014,55130,504230
1015,55176,504230
1016,55223,504230
1017,55284,504230
1018,55344,504230
1019,55390,504230
1020,55449,504230
1021,55508,504230
1022,55561,504230
1023,55627,504230
1024,55698,504230
1025,55749,504230
1026,55800,504230
1027,55846,504230
1028,55897,504230
1029,55961,504230
1030,56015,504230
1031,56069,504230
1032,56112,504230
1033,56184,504230
1034,56243,504230
1035,56293,504230
1036,56337,504230
1037,56390,504230
1038,56444,504230
1039,56498,504230
1040,56547,504230
1041,56598,504230
1042,56653,504230
1043,56705,504230
1044,56753,504230
1045,56800,504230
1046,56865,504230
1047,56916,504230
1048,56963,504230
1049,57011,504230
1050,57071,504230
1051,57132,504230
1052,57197,504230
1053,57254,504230
1054,57312,504230
1055,57365,504230
1056,57412,504230
1057,57465,504230
1058,57527,504230
1059,57570,504230
1060,57622,504230
1061,57674,504230
1062,57722,504230
1063,57772,504230
1064,57827,504230
1065,57879,504230
1066,57929,504230
1067,57976,504230
1068,58031,504230
1069,58084,504230
1070,58133,504230
1071,58183,504230
1072,58241,504230
1073,58287,504230
1074,58338,504230
1075,58398,504230
1076,58446,504230
1077,58494,504230
1078,58540,504230
1079,58593,504230
